0.00243554 0.0181406 0 0 0.0172448 0.00873436 0.00355533 0.000139974 0.00615884 0 0 0 0 0 0 0 0.000279947 0.000419921 0 0 0.0085384 0.021528 0.0111419 0 0.021528 0.00148372 0.00274348 0.00117578 0 0 0 0 0.000139974 0 0 0 0.0594608 0.026371 0.00397525 0 0.00114778 0.0242994 0.0645559 0.105232 0 0.000503905 0.00153971 0.00291145 0.00394726 0 0 0 0.00302343 0.0021276 2.79947e-005 0 0.00145573 0.0271829 0.0185325 0.00428319 0 0.00114778 0.037009 0.485877 
0.00288827 0.0185879 0 0 0.0174154 0.0088078 0.00406074 0 0.00591953 0 0 0 0 0 0 0 0.000257371 0.000285968 0 0 0.0079499 0.0209042 0.0100947 0 0.021133 0.00140124 0.00291687 0.000800709 0 0 0 0 0 0 0 0 0.0598816 0.0256799 0.00406074 0 0.00128685 0.0156138 0.0642855 0.107981 0 0.000428951 0.000371758 0.00240213 0.0026881 0 0 0 0.00223055 0.00248792 0 0 0.00151563 0.0291115 0.0287111 0.0034888 0 0.00111527 0.0207041 0.502531 
0.00260388 0.0184211 0 0 0.0228532 0.00891967 0.00365651 0.000166205 0.0068144 0 0 0 0 0 0 0 0.00033241 0.000526316 0 0 0.0103324 0.0186704 0.0104986 5.54017e-005 0.0234072 0.00116343 0.00268698 0.00105263 0 0 0 0 0.000914127 0 0 0 0.0635734 0.0270083 0.00479224 0 0.00155125 0.0116621 0.0772853 0.102659 0 0.000277008 0.000387812 0.00210526 0.00886427 0 0 0 0.00584488 0.00249307 0 0 0.00296399 0.0273684 0.0393906 0.00357341 0 0.00144044 0.0411911 0.442493 
0.00300266 0.0180446 0 0 0.0176442 0.00909377 0.00368898 0.000171581 0.00654866 0 0 0 0 0 0 0 0.000200177 0.000457548 0 0 0.00812148 0.0212474 0.010209 0 0.0220767 0.00154422 0.00280248 0.00105808 0 0 0 0 0.000114387 0 0 0 0.0575939 0.0276817 0.00414653 0 0.00140124 0.0101518 0.0695759 0.107724 2.85968e-005 0.000314564 0.000514742 0.00257371 0.00400355 0 0 0 0.00300266 0.00237353 2.85968e-005 0 0.00105808 0.026309 0.026595 0.00368898 0 0.00131545 0.0289971 0.494895 
0.00263128 0.0186736 0 0 0.0181926 0.00843142 0.00393277 2.82933e-005 0.0063943 0 0 0 0 0 0 0 0.000226347 0.00050928 0 0 0.00882752 0.0386487 0.00956315 2.82933e-005 0.0216161 0.00130149 0.00274445 0.000961974 0 0 0 0 0.00016976 0 0 0 0.0607458 0.042921 0.00413083 0 0.00130149 0.0194375 0.0629244 0.105902 0 0.0004244 0.0004244 0.00265957 0.00486646 0 0 0 0.00302739 0.00200883 0 0 0.00232005 0.0269919 0.0185604 0.00364984 0 0.00132979 0.035593 0.4579 
0.00255102 0.0175708 0 0 0.0184298 0.00819971 0.00322782 2.60308e-005 0.00585693 0 0 0 0 0 0 0 0.000286339 0.000286339 0 0 0.00957934 0.0346991 0.0105425 5.20616e-005 0.0209548 0.00122345 0.00265514 0.0010152 0 0 0 0 0.000442524 0 0 0 0.057424 0.0402436 0.00510204 0 0.00119742 0.0156445 0.0663005 0.0978499 0 0.000286339 0.000468555 0.00208247 0.00637755 0 0 0 0.00395668 0.00200437 0 0 0.0027853 0.0259527 0.0190025 0.00439921 0 0.00114536 0.0389161 0.471262 
0.0273 0.015 0 0 0 0.0057 0 0 0 0 0 0 0 0 0 0 0.0397 0.0021 0 0 0.0299 0.1276 0.0691 0 0 0 0.0031 0 0 0 0 0 0.0022 0 0 0 0.0114 0.047 0.0148 0 0.0012 0.0478 0.4625 0.0471 0 0 0 0 0 0 0 0 0 0.0001 0 0 0 0.001 0.0206 0.0057 0 0 0.0067 0.0124 
0.0103306 0.011405 0 0 0 0.00553719 0 0 0 0 0 0 0 0 0 0 0.0442149 0.00239669 0 0 0.0371901 0.0906612 0.0712397 0 0 0 0.00231405 0 0 0 0 0 0.00355372 0 0 0 0.0444628 0.0404132 0.0120661 0 0 0.054876 0.14719 0.0963636 0 0 0.000165289 0.00487603 0 0 0 0 8.26446e-005 0.000247934 0 0 0 0.000165289 0.155289 0.0109091 0 0 0.0495868 0.104463 
0.00067904 0.00939339 0 0 0.0033952 0.00577184 0.000565867 0 0.00033952 0 0 0 0 0 0 0 0.00215029 0.00124491 0 0 0.00860118 0.0602082 0.0232005 0 0.00758262 0.00418741 0.00475328 0.000113173 0 0 0 0 0.000226347 0 0 0 0.0379131 0.0454957 0.0113173 0 0.000792214 0.0207107 0.118266 0.0834088 0 0 0 0.00758262 0.00531915 0 0 0 0.00871435 0.00271616 0 0 0.0150521 0.0303305 0.0168628 0.00633771 0 0.000226347 0.01177 0.444771 
0.000258264 0.00516529 0 0 0.00309917 0.00736054 0.00232438 0 0 0 0 0 0 0 0 0 0.000258264 0.00258264 0 0 0.0114928 0.0640496 0.0216942 0 0.00878099 0.0043905 0.0076188 0.000129132 0 0 0 0 0 0 0 0 0.0369318 0.0618543 0.00994318 0 0.000645661 0.0189824 0.122934 0.0738636 0 0 0 0.00594008 0.00555269 0 0 0 0.0157541 0.00129132 0 0 0.017562 0.0401601 0.0233729 0.00477789 0 0.000258264 0.0179494 0.403022 
0.00113622 0.0135084 0.000126247 0 0.00265118 0.00807979 0.00328241 0 0.000504987 0 0 0 0 0 0 0 0.00100997 0.00176745 0 0 0.0111097 0.0560535 0.0223457 0 0.00744855 0.00037874 0.00315617 0.000126247 0 0 0 0 0 0 0 0 0.0575685 0.0440601 0.00984724 0 0.000504987 0.0126247 0.123722 0.0773892 0 0 0.000126247 0.00605984 0.00845853 0 0 0 0.0143921 0.00164121 0 0 0.0175483 0.0374953 0.0212094 0.00391365 0 0.00037874 0.0132559 0.417119 
0.00237812 0.0140045 0 0 0.00290659 0.0101731 0.00184965 0 0 0 0 0 0 0 0 0 0.000660589 0.00290659 0 0 0.0117585 0.0680407 0.0254987 0 0.00845554 0.000528471 0.0036993 0.000132118 0 0 0 0 0.000264236 0 0 0 0.0536398 0.0455807 0.00938037 0 0.000924825 0.0232527 0.115207 0.069494 0 0 0 0.00409565 0.0059453 0 0 0 0.0125512 0.00171753 0 0 0.0169111 0.0405602 0.0216673 0.00488836 0 0.000396354 0.0203461 0.400185 
0.00426136 0.026343 0.00413223 0 0.00309917 0.00426136 0.000129132 0 0.000258264 0 0 0 0 0 0 0 0.00232438 0.00426136 0 0 0.00774793 0.0672779 0.0295713 0 0.0036157 0.000258264 0.00116219 0 0 0 0 0 0 0 0 0 0.0814824 0.0377066 0.0114928 0 0.000645661 0.0182076 0.140754 0.0657283 0 0 0 0.00103306 0 0 0 0 0.00219525 0.000387397 0 0 0.0163998 0.03422 0.03125 0.00426136 0 0.000258264 0.0113636 0.38391 
0.0832708 0.017264 0 0 0.00957028 0.00900732 0.0017827 9.38262e-005 0 0 0 0 0 0 0 0 0.00745919 0.00112591 0 0 0.0240664 0.0422218 0.0156221 0 0 0 0.00365922 4.69131e-005 0 0 0 0 0.00145431 0 0 0 0.0350441 0.019985 0.00764684 0 0 0.161334 0.0872115 0.0718709 0 0 4.69131e-005 0.00469131 0 0 0 0 0.000140739 0.000281479 0 0 0 0.0141678 0.0668981 0.00408144 0 0 0.138065 0.17189 
0.00247967 0.0221682 0.000198373 0 4.95933e-005 0.0139357 0.00535608 0 0 0 0 0 0 0 0 0 0.00014878 0.00029756 0 0 0.00277723 0.0235568 0.00887721 0 0.00119024 0 0.00381869 0.00133902 0 0 0 0 0.00014878 0 0 0 0.0365007 0.0173577 0.00461218 0 0.00014878 0.0149772 0.0536104 0.0709681 0 0 0 0.00213251 0 0 0 0 0.000843087 0.0022317 0 0 0 0.0140349 0.174221 0.00431462 0 0.00014878 0.0773656 0.44019 
0.00722139 0.0192706 0 0 0.00150108 0.0121709 0.00401639 0 0.00166335 0 0 0 0 0 0 0 4.05696e-005 0.000283987 0 0 0.00442209 0.0275468 0.00998012 0 0.00543633 0 0.00332671 0.00219076 0 0 0 0 0 0 0 0 0.0398393 0.0246663 0.00555803 0 0.000243418 0.0124549 0.0575277 0.0756623 0 0 0 0.00312386 0.000283987 0 0 0 0.00162278 0.00231247 0 0 0 0.00977727 0.155341 0.003205 0 0.000121709 0.0490892 0.4601 
0.002368 0.015744 0.00064 0 0 0.006784 0.002176 0.000128 0 0 0 0 0 0 0 0 0.000768 0.000896 0 0 0.000576 0.036928 0.067008 0.000576 0 0 0.005952 0.02144 0 0 0 0 0 0 0 0 0 0.010944 0.0112 0 0 0.00256 0.096832 0.205056 0 0 0 0.001792 0 0 0 0 0 0 0 0 0 6.4e-005 0.03872 0.009024 0 0 0.00576 0.456064 
0.0048157 0.0199287 0.000903686 0 0 0.010654 0.00655172 0.000701546 0 0 5.9453e-005 4.75624e-005 0 0 0 0 0.000118906 0.000309156 0 0 2.37812e-005 0.0222354 0.0320571 0.000475624 0 0 0.00580262 0.0145898 0 0 0 0 0 0 0 0 0 0.00457788 0.00580262 0 0 0.00128419 0.0540547 0.220214 0 0 1.18906e-005 0.00187872 0 0 0 0 0 0 0 0 0 5.9453e-005 0.037503 0.0044352 0 0 0.00434007 0.546564 
0.171819 0.0148964 0.000306091 0 0 0.00499949 0 0 0 0 0 0 0 0 0 0 0.0292827 0.00877461 0 0 0.00153046 0.0538721 0.0375472 0.000204061 0 0 0.00244873 0.0023467 0 0 0 0 0.00010203 0 0 0 0.000408122 0.0123457 0.00908071 0 0 0.00224467 0.0823385 0.0901949 0 0 0 0.00193858 0 0 0 0 0 0.00010203 0 0 0 0.000510152 0.0378533 0.00897868 0 0 0.00387716 0.421998 
0.00561983 0.0357851 0.0113223 0 0.00628099 0.0208264 0.0371074 0.00413223 0 0 0 0 0 0 0 0 0.00173554 0.00272727 0 0 0.00867769 0.0580992 0.15876 0.0215702 0.00603306 0.00429752 0.0321488 0.0309917 0 0 0 0 0 0 0 0 0 0.0236364 0.00859504 0 0.000165289 0.00570248 0.0840496 0.129752 0 0 0 0.0365289 0 0 0 0 0 0 0 0 0 8.26446e-005 0.048595 0.00421488 0 0 0.00421488 0.208347 
0.008304 0.01336 0.000864 0 0 0.004464 0.003824 0.002 0 0 0 0 0 0 0 0 1.6e-005 0.000176 3.2e-005 0 0 0.015536 0.017872 0.01184 0 0 0.001472 0.011424 0 0 0 1.6e-005 0 0 0 0 0 0.00168 0.004784 1.6e-005 0 0.000272 0.04528 0.146704 0 0 1.6e-005 0.004448 0 0 0 0 0 0 0 0 0 0.000128 0.042832 0.008848 0 0 0.006032 0.64776 
0.0032964 0.0102493 0.000249307 0 0 0.00429363 0.00249307 0.000166205 0 0 0 0 0 0 0 0 0.000886427 0.00157895 0 0 2.77008e-005 0.0190582 0.0195014 0.00393352 0 0 0.00157895 0.00213296 0 0 0 0 0.000803324 2.77008e-005 0 0 0.00360111 0.0119391 0.010831 0.000138504 0 0.00290859 0.0590305 0.0901108 0 0 0 0.00387812 0 0 0 0 0.0124377 0.00842105 0 0 2.77008e-005 0.0201662 0.0415789 0.0161219 0 0.000138504 0.0196953 0.628698 
0.000949436 0.0082194 0.000189887 0 0 0.00295681 0.0023329 0.000569661 0 0 0 0 0 0 0 0 0.00154622 0.000976563 0.000325521 0 0.000189887 0.0150011 0.0183648 0.000325521 0 0 0.00146484 0.00132921 0 0 0 0 0.00501845 0.000434028 0 0 0.00526259 0.0154622 0.011773 0.000298394 0 0.00330946 0.0680339 0.0837945 0 0 0 0.00322808 0 0 0 0 0.0144314 0.00900608 0.000244141 0 0.000298394 0.0199924 0.0505914 0.0163845 0 5.42535e-005 0.0170627 0.620578 
0.00183657 0.0182561 0.00424879 0.010992 0 0.0045229 0.00419396 0.00830569 0 0 0 0 0 0 0 0 0.00115128 0.0016721 0.00235739 0.000219292 0.000383761 0.0160632 0.0260135 0.00290562 0 2.74115e-005 0.00128834 0.00293303 0 0 0 0 2.74115e-005 0 0 0 0.00430361 0.0169403 0.00770264 0.00161728 0 0.00446808 0.0706395 0.087388 0 0.000137058 0.0007127 0.00279598 0 0 0 0 0 0.0011787 0 0 0 0.00402949 0.0802335 0.0126367 0 0.000109646 0.0277131 0.569995 
0.00658921 0.0193652 0.00965746 5.02993e-005 0.000301796 0.006891 0.00985866 0.00231377 0 0 0 0 0 0 0 0 0.000754489 0.00125748 0.000100599 0 0.00115688 0.0405915 0.0404909 0.000452694 0.000201197 0.00980836 0.00603591 0.00502993 0 0 0 0 0 0 0 0 0 0.00829938 0.00850058 0 0 0.00905387 0.0825411 0.120517 0 0.00196167 0.00492933 0.00115688 0 0 0 0 0 0 0 0 0 0 0.0253005 0.00568382 0 0.000100599 0.00638801 0.56466 
0.00651707 0.0183418 0.0108842 6.71862e-005 0.000268745 0.00718893 0.00712174 0.000873421 0 0 0 0 0 0 0 0 0.000739049 0.000873421 0 0 0.000604676 0.0333244 0.0383633 0.00053749 0 0.00571083 0.00671862 0.00255308 0 0 0 0 0 0 0 0 0 0.00644988 0.00873421 0 0 0.00933889 0.100511 0.117038 0 0.00181403 0.00866702 0.00181403 0 0 0 0 0 0 0 0 0 6.71862e-005 0.0254636 0.00859984 0 0 0.00604676 0.564768 
0.00190828 0.0121391 0 0 0 0.0109326 0.004506 0 0 0 7.38689e-005 0 0 0 0 0 0 0 0 0 0 0.00648815 0.0163989 0.000898738 0 0 0.014072 0.0532225 0 0 0 0 0 0 0 0 0 0 0 0 0 0 0.0832995 0.118757 0 0 0.000307787 0.0212742 0 0 0 0 0 0 0 0 0 0 0.0329086 0.00598338 0 0 0.0063281 0.610502 
0.000517093 0.0121115 0 0 0 0.0162022 0.00392991 0.000861821 0 0 0 0.000195346 0 0 0 0 0 0 0 0 0 0.0214996 0.0174088 0.00072393 0 1.1491e-005 0.00671072 0.0314392 0 0 0 0 0 0 0 0 0 0.000815857 0.000815857 0 0 0.000712439 0.105165 0.13873 0 0 0.000597529 0.0091468 0 0 0 0 0 0 0 0 0 0 0.0337489 0.00109164 0 0 0.00399885 0.593565 
0.00112186 0.013049 0 0 0 0.0168633 0.00401507 0.000649496 0 0 1.1809e-005 0.000165326 0 0 0 0 0 0 0 0 0 0.0211145 0.0165681 0.000555024 0 1.1809e-005 0.00671933 0.039572 0 0 0 1.1809e-005 0 0 0 0 0 0.00115728 0.00111005 0 0 0.000684923 0.100176 0.133029 0 0 0.000566833 0.00846707 0 0 0 0 0 0 0 0 0 0 0.0350256 0.00134623 0 0 0.00427487 0.593734 
0.00143459 0.0136517 1.15693e-005 0 0 0.0156069 0.00433847 0.000728863 0 0 2.31385e-005 0.000115693 0 0 0 0 0 0 0 0 0 0.0207552 0.0176084 0.000485909 0 1.15693e-005 0.00717294 0.0431417 0 0 0 0 0 0 0 0 0 0.00109908 0.0010528 0 0 0.000705724 0.102608 0.128581 0 0 0.000358647 0.00831829 0 0 0 0 0 0 0 0 0 0 0.0339211 0.00113379 0 0 0.00426905 0.592866 
0.00192222 0.0134778 0.0003 0 0 0.0152667 0.00622222 0.00156667 0 0 5.55556e-005 6.66667e-005 0 0 0 0 0 0 0 0 0 0.0198444 0.0184444 0.000522222 0 1.11111e-005 0.00668889 0.0497222 0 0 0 0 0 0 0 0 0 0.00103333 0.0011 0 0 0.000688889 0.109222 0.120344 0 0 0.000166667 0.0081 0 0 0 0 0 0 0 0 0 0 0.0325556 0.00111111 0 0 0.00366667 0.5879 
0.0021157 0.0171901 0.00025124 0 0 0.015643 0.00577851 0.00136198 0 0 0.000105785 0 0 0 0 0 0 0 0 0 0 0.0204562 0.0210512 0.000899174 0 1.32231e-005 0.00675702 0.0707967 0 0 0 0 0 0 0 0 0 0.00199669 0.00195702 0 0 0.000833058 0.0847207 0.116192 0 0 0.000224793 0.00900496 0 0 0 0 0 0 0 0 0 0 0.0320661 0.000978512 0 0 0.00436364 0.585243 
0.00101656 0.014649 0.000234592 0 0 0.0180245 0.00710292 0.00320609 0 0 0.000104263 0 0 0 0 0 0 0 0 0 0 0.0202401 0.0200315 0.000651644 0 0 0.00735055 0.0631443 0 0 0 0 0 0 0 0 0 0.00148575 0.0018637 0 0 0.000599513 0.0890797 0.123786 0 0 0.000377954 0.00870597 0 0 0 0 0 0 0 0 0 0 0.0319045 0.00108173 0 0 0.0038056 0.581553 
0.00101297 0.0139638 0.000272304 0 0 0.0151292 0.00785326 0.00505397 0 0 6.53531e-005 0 0 0 0 0 0 0 0 0 0 0.0185167 0.0169591 0.000871374 0 0 0.00702546 0.0485247 0 0 0 0 0 0 0 0 0 0.000914943 0.00059907 0 0 0.000653531 0.0983237 0.115098 0 0 0.000283197 0.00884445 0 0 0 0 0 0 0 0 0 0 0.0282761 0.000620854 0 0 0.00350728 0.607631 
0.000586414 0.0140974 0 0 0 0.0159622 0.00538328 0.00136048 0 0 4.69131e-005 0 0 0 0 0 0 0 0 0 0 0.0187418 0.0168887 0.000398762 0 0 0.00690796 0.0431483 0 0 0 0 0 0 0 0 0 0.00109073 0.000797523 0 0 0.000797523 0.0922546 0.126067 0 0 0.000281479 0.00810424 0 0 0 0 0 0 0 0 0 0 0.0312441 0.00114937 0 0 0.00337774 0.611313 
0.00399093 0.0136054 0.00444444 0.000181406 0 0.00653061 0.0106122 0.00725624 0 0 0 0 0 0 0 0 0.00172336 0.00226757 0 0 9.07029e-005 0.0619501 0.0524263 0.000181406 0 0 0.0030839 0.00199546 0 0 0 0 0 0 0 0 0 0.0114286 0.0106122 0 0 0.00281179 0.166621 0.159819 0 0 0 0.00272109 0 0 0 0 0 0 0 0 0 0 0.0165079 0.00444444 0 0 0.00362812 0.451066 
0.00406805 0.013591 0.00286612 0 0 0.00573225 0.0102626 0.00554734 0 0 0 0 0 0 0 0 0.00175666 0.00240385 0 0 9.24556e-005 0.0637944 0.0526072 0.000369822 0 0 0.00258876 0.00203402 0 0 0 0 0 0 0 0 0 0.011557 0.0108173 0 0 0.00286612 0.168177 0.161705 0 0 0 0.00258876 0 0 0 0 0 0 0 0 0 0 0.0168269 0.00434541 0 0 0.00369822 0.449704 
0.000111383 0.00512364 0 0 0 0.00512364 0.0006683 0 0 0 0 0 0 0 0 0 0 5.56917e-005 0 0 5.56917e-005 0.0280686 0.0295166 0 0 0.000111383 0.00673869 0.00150368 0 0 0 0 0 0 0 0 0 0.00406549 0.00345288 0 0 0.00222767 0.277623 0.186901 0 0 0.00100245 0.00957897 0 0 0 0 0 0 0 0 0 0 0.0223881 0.0013366 0 0 0.0412119 0.373134 
0.0285289 0.0112223 0.00118307 3.38021e-005 0 0.0109519 0.0065576 0.00226474 0 0 0 3.38021e-005 0 0 0 0 0.010242 0.00277177 0 0 0.000811249 0.0364048 0.0370809 0.000709843 0 0 0.00419145 0.0127434 0 0 0 0 0 0 0 0 3.38021e-005 0.029881 0.00571255 0 0 0.0151095 0.0628042 0.192672 0 0 0 0.00192672 0 0 0 0 0 0 0 0 0 0.000101406 0.0251487 0.00412385 0 0 0.0033464 0.493409 
0.0313146 0.0107825 0.00142045 0.000129132 0 0.010492 0.00703771 0.00258264 0 0 0 3.22831e-005 0 0 0 0 0.0106857 0.0040031 0 0 0.000871643 0.0368027 0.0367704 0.000710227 0 0 0.00429365 0.0126227 0 0 0 0 0 0 0 0 0.000161415 0.0300555 0.00564953 0 0 0.0153022 0.0613378 0.18821 0 0 0 0.00203383 0 0 0 0 0 0 0 0 0 9.68492e-005 0.0240186 0.00393853 0 0 0.00329287 0.495351 
0.0294293 0.0109988 0.00115603 3.30295e-005 0 0.0107015 0.00640772 0.00221297 0 0 0 3.30295e-005 0 0 0 0 0.0102722 0.00350112 0 0 0.000858766 0.0366957 0.0367618 0.000693619 0 0 0.00412868 0.0125512 0 0 0 0 0 0 0 0 0.000132118 0.0297595 0.00591227 0 0 0.0152266 0.0618642 0.190349 0 0 0 0.00204783 0 0 0 0 0 0 0 0 0 0.000132118 0.0244088 0.00386445 0 0 0.00330295 0.496565 
0.0522449 0.0184163 0.00698776 6.53061e-005 0 0.00199184 0.00156735 0 0 0 0 0 0 0 0 0 0.00395102 0.00333061 0 0 0.000718367 0.0288327 0.0530939 0.0266449 0 0 0.0043102 0.0467592 0 0 0 0 0 0 0 0 0.0192653 0.0268735 0.00702041 0 0 0.00310204 0.0459429 0.108865 0 0 0 0.00137143 0 0 0 0 0 0 0 0 0 0.000914286 0.0212245 0.00473469 0 0 0.00372245 0.508049 
0.00932067 0.00958364 0.000613587 0 0 0.00908692 0.00485026 0.00210373 0 0 0 5.84368e-005 0 0 0 0 0.00733382 0.0189335 0 0 0.000233747 0.0505771 0.0373119 0.000993426 0 2.92184e-005 0.00502557 0.00441198 0 0 0 0 0 0 0 0 5.84368e-005 0.0284587 0.00572681 2.92184e-005 0 0.00324324 0.0677867 0.180424 0 0 0 0.00210373 0 0 0 0 0 0.000847334 0 0 0 0.000321402 0.0227319 0.00350621 0 0 0.00303871 0.521256 
0.0194286 0.0108408 0.00084898 0 0 0.00930612 0.00633469 0.00153469 0 0 0 0 0 0 0 0 0.00287347 0.0105796 0 0 0 0.0537143 0.0386286 0.000555102 0 0 0.00512653 0.0064 0 0 0 0 0 0 0 0 3.26531e-005 0.0279184 0.00721633 0 0 0.00385306 0.0667755 0.19138 0 0 0 0.00254694 0 0 0 0 0 0.000457143 0 0 0 0.000391837 0.0223673 0.0036898 0 0 0.00388571 0.503314 
0.15146 0.0159716 3.85788e-005 0 0 0.00895027 0.00613402 0.000154315 0 0 3.85788e-005 0.000270051 0 0 0 0 0.0172061 0.0023533 0 0 0.00451371 0.0416651 0.0105706 0 0 0 0.00590255 0.00111878 0 0 0 0 0 0 0 0 0 0.0036264 0.000462945 0 0 0.00119594 0.0768489 0.116469 0 0 0 0.0138884 0 0 0 0 0 0 0 0 0 0 0.0256163 0.00354925 0 0 0.00694418 0.485051 
0.150723 0.0155541 0 0 0 0.0111253 0.00446429 0.000212585 0 0 0 0.000283447 0 0 0 0 0.0184949 0.00212585 0 0 0.00701531 0.0610828 0.015625 3.54308e-005 0 0 0.00634212 0.00131094 0 0 0 0 0 0 0 0 0.000106293 0.0108064 0.00513747 0 0 0.00162982 0.0636692 0.106151 0 0 0 0.0112316 0 0 0 0 0 0 0 0 0 0 0.022038 0.00113379 0 0 0.00396825 0.479734 
0.175609 0.018897 4.16233e-005 0 0 0.0129865 0.00524454 0.00037461 0 0 0 0 0 0 0 0 0.0172737 0.00228928 0 0 0.00570239 0.0510718 0.0196046 0 0 0 0.0055359 0.00191467 0 0 0 0 0 0 0 0 0 0.00990635 0.0037461 0 0 0.00224766 0.0582726 0.113965 0 0 0 0.00953174 0 0 0 0 0 0 0 0 0 0 0.0185224 0.00108221 0 0 0.00332986 0.462851 
0.190093 0.0139506 0 0 0 0.0101235 0.00398148 0.000277778 0 0 0 0 0 0 0 0 0.0237346 0.00256173 0 0 0.0119444 0.0732716 0.0191667 0 0 0 0.00558642 0.00111111 0 0 0 0 0 0 0 0 0 0.0125 0.00345679 0 0 0.00151235 0.0568519 0.100648 0 0 0 0.00895062 0 0 0 0 0 0 0 0 0 3.08642e-005 0.013179 0.00117284 0 0 0.00367284 0.442222 
0.147624 0.0180898 3.26531e-005 0 0 0.012049 0.00382041 0 0 0 3.26531e-005 0 0 0 0 0 0.0238367 0.00297143 0 0 0.00721633 0.0496327 0.0227592 9.79592e-005 0 0 0.00574694 0.0116245 0 0 0 0 0 0 0 0 9.79592e-005 0.00976327 0.00297143 0 0 0.00205714 0.0551184 0.109584 0 0 0 0.0090449 0 0 0 0 0 0 0 0 0 0 0.0193306 0.00107755 0 0 0.00551837 0.479902 
0.132296 0.0184336 3.22831e-005 0 0 0.0130101 0.00313146 0 0 0 0 0 0 0 0 0 0.0298618 0.00345429 0 0 0.00526214 0.0490057 0.0234698 9.68492e-005 0 0 0.00587552 0.00597237 0 0 0 0 0 0 0 0 0 0.00858729 0.00426136 0 0 0.00200155 0.0568182 0.115928 0 0 3.22831e-005 0.00897469 0 0 0 0 0 0 0 0 0 0 0.0193698 0.00129132 0 0 0.00403538 0.488798 
0.160435 0.0180397 0 0 0 0.0112939 0.00326608 6.10482e-005 0 0 6.10482e-005 0 0 0 0 0 0.0174293 0.0035408 0 0 0.00863832 0.0498153 0.0256097 3.05241e-005 0 3.05241e-005 0.00552486 0.0111718 0 0 0 0 0 0 0 0 0 0.010775 0.00390708 0 0 0.00207564 0.0526235 0.103935 0 0 0 0.0093709 0 0 0 0 0 0 0 0 0 3.05241e-005 0.0191081 0.00115992 0 0 0.00622692 0.47584 
0.116826 0.013108 0 0 0 0.00932482 0.0035749 0.000416493 0 0 5.78463e-005 0.000173539 0 0 0 0 0.0146004 0.00108751 0 0 0.00422278 0.0376695 0.01386 0.0110371 0 0 0.00277662 0.0121824 0 0 0 0 0 0 0 0 0.00313527 0.00606229 0.00365588 0 0 0.00129576 0.0341756 0.0864455 0 0 0 0.0013536 0 0 0 0 0 3.47078e-005 0 0 0 0.000289231 0.0305544 0.00279976 0 0 0.00410709 0.585173 
0.130166 0.0143878 0 0 0 0.0101531 0.00394133 0.000459184 0 0 6.37755e-005 0.000191327 0 0 0 0 0.0112372 0.00116071 0 0 0.000637755 0.0371429 0.0130867 0.0113648 0 0 0.00297194 0.0126913 0 0 0 0 0 0 0 0 0.000344388 0.00558673 0.00385204 0 0 0.00137755 0.0342092 0.0832525 0 0 0 0.00146684 0 0 0 0 0 3.82653e-005 0 0 0 0.000216837 0.0322449 0.00280612 0 0 0.00450255 0.580446 
0.0338644 0.0108442 9.51249e-005 0 0 0.00551724 0.00247325 0 0 0 0 0 0 0 0 0 0.0429964 0.00351962 0 0 0.000570749 0.0461356 0.0326278 0.000570749 0 0 0.00318668 0.00356718 0 0 0 0 0 0 0 0 0 0.0118906 0.00832342 0 0 0.00199762 0.0783829 0.118859 0 0 0 0.00233056 0 0 0 0 0 0.000618312 0 0 0 0.000237812 0.0298692 0.00699168 0 0 0.00385256 0.550678 
0.0379073 0.0107967 9.51249e-005 0 0 0.00565993 0.00247325 0 0 0 0 0 0 0 0 0 0.0431391 0.00356718 0 0 0.000618312 0.0458977 0.0324376 0.000570749 0 0 0.00328181 0.00361474 0 0 0 0 0 0 0 0 0 0.012176 0.00837099 0 0 0.00223543 0.0778597 0.118906 0 0 0 0.00252081 0 0 0 0 0 0.000760999 0 0 0 0.000332937 0.0298216 0.00722949 0 0 0.00390012 0.545826 
0.0373918 0.0106437 9.2554e-005 0 0 0.00550696 0.00245268 0 0 0 0 0 0 0 0 0 0.045768 0.00323939 0 0 0.000740432 0.0455829 0.0317923 0.000509047 0 0 0.00314684 0.00328567 0 0 0 0 0 0 0 0 9.2554e-005 0.012356 0.00786709 0 0 0.00231385 0.0769587 0.116618 0 0 0 0.00231385 0 0 0 0 0 0.000832986 0 0 0 0.000323939 0.0290157 0.00717294 0 0 0.00388727 0.550095 
0.0379058 0.0108369 9.38262e-005 0 0 0.00562957 0.00243948 0 0 0 0 0 0 0 0 0 0.0461156 0.00333083 0 0 0.000703697 0.0460218 0.0321824 0.000516044 0 0 0.00328392 0.00342466 0 0 0 0 0 0 0 0 9.38262e-005 0.0124789 0.00806906 0 0 0.00239257 0.0776412 0.117564 0 0 0 0.00239257 0 0 0 0 0 0.000844436 0 0 0 0.000328392 0.0293676 0.00703697 0 0 0.00398761 0.545318 
0.0378589 0.0108838 9.38262e-005 0 0 0.00553575 0.00243948 0 0 0 0 0 0 0 0 0 0.0462563 0.00328392 0 0 0.000656784 0.0460687 0.0322762 0.000516044 0 0 0.00328392 0.00342466 0 0 0 0 0 0 0 0 9.38262e-005 0.0124789 0.00797523 0 0 0.00234566 0.0775005 0.117658 0 0 0 0.00234566 0 0 0 0 0 0.000844436 0 0 0 0.000328392 0.0294614 0.00708388 0 0 0.00398761 0.545318 
0.0560285 0.011415 4.75624e-005 0 0 0.00604043 0.00233056 0 0 0 0 0 0 0 0 0 0.0409512 0.003044 0 0 0.000665874 0.0479429 0.0348157 0.000285375 0 0 0.00247325 0.00551724 0 0 0 0 0 0 0 0 0.000285375 0.014887 0.0097503 0 0 0.00199762 0.0744352 0.119715 0 0 0 0.00185493 0 0 0 0 0 0.000428062 0 0 0 0.000285375 0.030107 0.00694411 0 0 0.00390012 0.523853 
0.0656671 0.0112916 4.6277e-005 0 0 0.00573835 0.00226757 0 0 0 0 0 0 0 0 0 0.0432227 0.00323939 0 0 0.000786709 0.0468323 0.0341062 0.000231385 0 0 0.00245268 0.00559952 0 0 0 0 0 0 0 0 0.000323939 0.0149938 0.00962562 0 0 0.00203619 0.0731177 0.118006 0 0 0 0.00189736 0 0 0 0 0 0.000323939 0 0 0 0.000277662 0.0291545 0.00698783 0 0 0.00370216 0.518071 
0.0535184 0.0119209 5.02993e-005 0 0 0.00623711 0.00241437 0 0 0 0 0 0 0 0 0 0.0398873 0.00347065 0 0 0.000754489 0.0492933 0.0366682 0.000251496 0 0 0.00281676 0.00613651 0 0 0 0 0 0 0 0 0.000251496 0.0153916 0.00975806 0 0 0.00206227 0.0745435 0.118857 0 0 0 0.00206227 0 0 0 0 0 0.000251496 0 0 0 0.000301796 0.0312862 0.0069916 0 0 0.00397364 0.520849 
0.054625 0.0149389 0.000150898 0 0 0.00387304 0.000502993 0 0 0 0 0 0 0 0 0 0.0180574 0.00251496 5.02993e-005 0 0.00145868 0.0386801 0.0470298 0.00186107 0 0 0.00442634 0.0198179 0 0 0 0 0 0 0 0 0.00070419 0.0172527 0.00824908 0 0 0.00347065 0.0667471 0.106081 0 0 0 0.000352095 0 0 0 0 0 0.000100599 0 0 0 0.00422514 0.0331975 0.0145868 0 0 0.00663951 0.530406 
0.136757 0.0135501 0 0 0 0.00627933 0.00271003 6.60982e-005 0 0 0 0 0 0 0 0 0.0224073 0.00277613 0 0 0.00145416 0.042369 0.0214158 6.60982e-005 0 0 0.00237954 0.000660982 0 0 0 0 0 0 0 0 6.60982e-005 0.0162602 0.00773349 0 0 0.00396589 0.0754842 0.078062 0 0 0 0.00191685 0 0 0 0 0 0 0 0 0 0.00204904 0.0337101 0.00429638 0 0 0.00707251 0.516492 
0.0178044 0.0159231 0.00846547 0.000671862 0 0.0088014 0.0136388 0.00255308 0 0 0.00120935 0 0 0 0 0 0.00429992 0.00470304 0 0 0.000134372 0.035004 0.0412524 0.000739049 0 0 0.0167294 0.0142435 0 0 0 0 0 0 0 0 0 0.0106826 0.00524053 0 0 0.00295619 0.118651 0.140486 0 0 0 0.0120263 0 0 0 0 0 0 0 0 0 0 0.0171997 0.00127654 0 0 0.0122951 0.493013 
0.0396072 0.0164542 0.0150234 0.00104058 0 0.00702393 0.0113163 0.00188606 0 0 0.00130073 0 0 0 0 0 0.0119017 0.00630853 0 0 0.000585328 0.0394771 0.0414932 0.00110562 0 0 0.0144381 0.0150234 0 0 0 0 0 0 0 0 0 0.0139178 0.00403226 0 0 0.00273153 0.105619 0.127016 0 0 0 0.0113163 0 0 0 0 0 0 0 0 0 0 0.015999 0.00364204 0 0 0.0098205 0.48192 
0.034115 0.0151947 0.0107385 0.00109577 0 0.00723208 0.0120535 0.00197239 0 0 0.00109577 0 0 0 0 0 0.00445613 0.00577106 0 0 7.30514e-005 0.0385711 0.0380598 0.000803565 0 0 0.0167288 0.014172 0 0 0 0 0 0 0 0 0 0.0130762 0.00431003 0 0 0.00277595 0.115275 0.136168 0 0 0 0.0110308 0 0 0 0 0 0 0 0 0 0.000146103 0.0169479 0.00248375 0 0 0.0103002 0.485353 
0.0245922 0.0148527 0.00892785 0.000892785 0 0.00844087 0.0116062 0.00267835 0 0 0.0012986 0 0 0 0 0 0.00592484 0.0043016 0 0 8.11622e-005 0.0353056 0.0426913 0.000649298 0 0 0.0184238 0.0126613 0 0 0 0 0 0 0 0 0 0.0107134 0.00527555 0 0 0.00292184 0.121581 0.137489 0 0 0 0.0116062 0 0 0 0 0 0 0 0 0 0 0.0162324 0.00194789 0 0 0.0134729 0.485431 
0.009857 0.0185571 0.00319311 0.00115693 0 0.00777454 0.00652506 0.00194363 0 0 0 0 0 0 0 0 0.000786709 0.00157342 0 0 0.000231385 0.0657134 0.0503957 0.000740432 0 0.000740432 0.00509047 0.00379472 0 0 0 0 0 0 0 0 0 0.00976445 0.00953307 0 0 0.00916285 0.0804757 0.214587 0 0 0 0.00185108 0 0 0 0 0 0 0 0 0 0.000231385 0.0321625 0.00439632 0 0 0.00425749 0.455505 
0.00541441 0.0137443 0.000740432 0 0 0.0100884 0.00509047 0.00152714 0 0 0 0.000277662 0 0 0 0 0.00680272 0.00231385 0 0 0.00171225 0.116387 0.0404461 0.000694155 0 0.000971817 0.00411865 0.00208247 0 0 0 0 0 0 0 0 0 0.0154102 0.00768198 0 0 0.00754315 0.0725624 0.1647 0 0 4.6277e-005 0.00166597 0 0 0 0 0 0 0 0 0 9.2554e-005 0.0304503 0.00435004 0 0 0.00411865 0.478967 
0.00612585 0.0154498 0.00157651 9.0086e-005 0 0.00977433 0.00581055 0.00256745 0 0 0 0.000135129 0 0 0 0 0.00738705 0.00247737 0 0 0.00301788 0.102653 0.0413945 0.000810774 0 0.000720688 0.00351336 0.00360344 0 0 0 0 0 0 0 0 0 0.0155398 0.0077474 0 0 0.0100446 0.0734201 0.171073 0 0 0 0.00130625 0 0 0 0 0 0 0 0 0 9.0086e-005 0.0304491 0.00414396 0 0 0.00454934 0.474528 
0.00399595 0.0106026 0.00340988 0.000159838 0 0.0112419 0.00559433 0.00340988 0 0 0 0 0 0 0 0 0.000532793 0.00111887 0 0 0.000266397 0.0667057 0.0446481 0.00079919 0 0.00186478 0.00314348 0.00372955 0 0 0 0 0 0 0 0 0 0.0170494 0.0107624 0 0 0.0224306 0.0711279 0.176728 0 0 0 0.00159838 0 0 0 0 0 0 0 0 0 0.000319676 0.0425169 0.00559433 0 0 0.0064468 0.484203 
0.00353742 0.0239456 0.00417234 0.000997732 0 0.015873 0.01161 0.00417234 0 0 0 0 0 0 0 0 0.000544218 0.000453515 0 0 0.000634921 0.0260317 0.0331066 0.00126984 0 0 0.00507936 0.00281179 0 0 0 0 0 0 0 0 0 0.0120635 0.010068 0 0 0.00371882 0.0884354 0.212336 0 0 0 0.00290249 0 0 0 0 0 0 0 0 0 9.07029e-005 0.0315646 0.00553288 0 0 0.00535147 0.493696 
0.00165289 0.0195868 0.0118182 0.00710744 0 0.012314 0.0161157 0.0128926 0 0 0 0 0 0 0 0 0.000165289 0.000413223 0 0 0.00561983 0.0338843 0.0405785 0.00140496 0 0 0.00512397 0.00421488 0 0 0 0 0 0 0 0 0 0.00950413 0.0104959 0 0 0.00132231 0.101322 0.209091 0 0 0 0.00256198 0 0 0 0 0 0 0 0 0 0 0.0233884 0.00636364 0 0 0.00429752 0.45876 
0.00192234 0.0182622 0.00999616 0.0079777 0 0.0114379 0.0142253 0.0113418 0 0 0 0 0 0 0 0 0.000288351 0.000576701 0 0 0.00470973 0.0341215 0.0405613 0.00134564 0 0 0.00586313 0.00442138 0 0 0 0 0 0 0 0 0 0.0100923 0.00893887 0 0 0.000576701 0.101596 0.209727 0 0 0 0.00355632 0 0 0 0 0 0 0 0 0 0 0.0237409 0.00730488 0 0 0.00394079 0.463476 
0.0105151 0.0239839 0.0263469 0.00189036 0 0.00342628 0.00318998 0.000708885 0 0 0 0 0 0 0 0 0.00271739 0.00200851 0 0 0.0407609 0.0435964 0.0548204 0.00141777 0 0 0.00236295 0.00933365 0 0 0 0 0 0 0 0 0.00330813 0.0115784 0.00933365 0 0 0.00106333 0.092155 0.221999 0 0 0 0.00129962 0 0 0 0 0 0 0 0 0 0 0.0129962 0.00838847 0 0 0.00437146 0.406427 
0.00648315 0.0198746 0.017005 0.00605803 0 0.00233819 0.00223191 0.000531406 0 0 0 0 0 0 0 0 0.00191306 0.00180678 0 0 0.0837496 0.0535657 0.0431502 0.0056329 0 0 0.00180678 0.00627059 0 0 0 0 0 0 0 0 0.00499522 0.0243384 0.00977787 0 0 0.0787544 0.0687639 0.184929 0 0 0 0.000743969 0 0 0 0 0 0 0 0 0 0 0.0181741 0.006802 0 0 0.00223191 0.348071 
0.0878364 0.00507472 6.07024e-005 0 0 8.49834e-005 0.00049776 0.0529447 0 0 0 0.0154306 0 0 0 0 0.00489262 0.00519613 0.000121405 0 9.71239e-005 0.0060581 0.00990664 0.0285909 0 0 4.8562e-005 0.0193398 0 0 0 0 0 0 0 0 2.4281e-005 0.00098338 0.00375141 0.00297442 0 0.000194248 0.0201411 0.124634 0 0 0 0.00163897 0 0 0 0 0 1.21405e-005 1.21405e-005 0 0 0.00025495 0.0225085 0.0163168 0 0 0.00352074 0.566852 
0.149826 0.00354546 7.51157e-005 0 0 1.50231e-005 0.000360555 0.0276576 0 0 0 0.0011718 0 0 0 0 0.0139415 0.000465717 1.50231e-005 0 0.00141217 0.0068205 0.0126495 0.00608437 0 0 0.000540833 0.0192296 0 0 0 0 0 0 0 0 0 0.000931434 0.000931434 1.50231e-005 0 0.000300463 0.0276576 0.115558 0 0 0 0.00297458 0 0 0 0 0 1.50231e-005 0 0 0 0.000585902 0.0228953 0.0134307 0 0 0.00914909 0.561745 
0.144442 0.00351527 8.60882e-005 0 0 4.30441e-005 0.000545225 0.0278782 0 0 0 0.00120523 0 0 0 0 0.0134298 0.000631313 0 0 0.00144915 0.0068727 0.0127267 0.00553834 0 0 0.000516529 0.0186955 0 0 0 0 0 0 0 0 2.86961e-005 0.00100436 0.00127697 0 0 0.000272612 0.0284952 0.112503 0 0 0 0.00295569 0 0 0 0 0 1.4348e-005 0 0 0 0.000559573 0.0246069 0.0118802 0 0 0.0087523 0.570076 
0.137256 0.0034549 0.000124376 0 0 0.000207294 0.000801537 0.0374649 0 0 0 0.00145106 0 0 0 0 0.0111386 0.000649521 0 0 0.00118849 0.00750404 0.0130457 0.0063432 0 0 0.000276392 0.0205636 0 0 0 1.38196e-005 0 0 0 0 2.76392e-005 0.00109175 0.00152016 1.38196e-005 0 0.000400768 0.0277636 0.107102 0 0 0 0.00250135 0 0 0 0 0 1.38196e-005 0 0 0 0.000760078 0.0269068 0.0125344 0 0 0.0077528 0.570128 
0.144826 0.00323012 8.35375e-005 0 0 1.39229e-005 0.000626532 0.0241006 0 0 0 0.000487302 0 0 0 0 0.0117092 0.000459456 1.39229e-005 0 0.00157329 0.0077133 0.0140761 0.00630708 0 0 0.000459456 0.0203832 0 0 0 0 0 0 0 0 0 0.000960682 0.00178213 0 0 0.000431611 0.0284167 0.112135 0 0 0 0.00217198 0 0 0 0 0 2.78458e-005 0 0 0 0.0006683 0.0274838 0.0117649 0 0 0.00808922 0.570004 
0.147011 0.00325004 0.000146518 0 0 1.33198e-005 0.000572753 0.0239224 0 0 0 0.00109223 0 0 0 0 0.0111887 0.000532793 1.33198e-005 0 0.00245085 0.00869785 0.0132799 0.00628696 0 0 0.000572753 0.0196734 0 0 0 0 0 0 0 0 3.99595e-005 0.00117215 0.00135862 0 0 0.000346316 0.0285044 0.113019 0 0 0 0.00189142 0 0 0 0 0 0 0 0 0 0.000705951 0.0279317 0.011535 0 0 0.00771218 0.567079 
0.0900089 0.0144438 0 0 0 0.0101894 0.00407273 0 0 0 6.05611e-005 0 0 0 0 0 0.0108102 0.00121122 0 0 0.000590471 0.0364426 0.0315221 0.022877 0 0 0.00414844 0.0190919 0 0 0 0 0 0 0 0 0 0.00470863 0.00398189 0 0 0.000787294 0.0402731 0.10742 0 0 0 0.00163515 0 0 0 0 0 0 0 0 0 4.54208e-005 0.0176233 0.00320974 0 0 0.00246786 0.572378 
0.092096 0.01616 0 0 0 0.009856 0.003952 9.6e-005 0 0 8e-005 0 0 0 0 0 0.013152 0.001584 0 0 0.001312 0.032272 0.024496 0.015936 0 0 0.00384 0.015088 0 0 0 0 0 0 0 0 1.6e-005 0.005952 0.003536 0 0 0.001296 0.042368 0.116224 0 0 0 0.001792 0 0 0 0 0 0 0 0 0 0.000112 0.020624 0.002496 0 0 0.002192 0.573472 
0.116841 0.0220044 0 0 0 0.0213341 0.00277367 0 0 0 9.24556e-005 0 0 0 0 0 0.000901442 4.62278e-005 0 0 0.00194157 0.0397559 0.0236455 0 0 4.62278e-005 0.015833 0.0444712 0 0 0 0 0 0 0 0 0 0.00612518 0.000161797 0 0 0.00217271 0.0510586 0.111132 0 0 0.000208025 0.0327755 0 0 0 0 0 0 0 0 0 0 0.00647189 0.000462278 0 0 0.000693417 0.499052 
0.116092 0.0245416 0 0 9.1573e-005 0.0196882 0.00263272 0 0 0 6.86797e-005 0 0 0 0 0 0.00077837 0.000457865 0 0 0.00242668 0.0351869 0.0248163 0 0 4.57865e-005 0.0158879 0.049106 0 0 0 4.57865e-005 0 0 0 0 2.28932e-005 0.006433 0.000137359 0 0 0.00231222 0.0517845 0.106568 0 0 0.000137359 0.0362171 0 0 0 0 0 0 0 0 0 0 0.00647879 0.000389185 0 0 0.000801264 0.496852 
0.122302 0.0238005 0 0 0.000141389 0.0171552 0.00275709 0 0 0 0.000117824 0 0 0 0 0 0.000871901 0.000306344 0 0 0.00294561 0.0311528 0.0240598 0 0 4.71298e-005 0.0170374 0.0516543 0 0 0 0 0 0 0 0 2.35649e-005 0.00652748 0.000141389 0 0 0.00179093 0.0530681 0.105052 0 0 0.000329909 0.0342634 0 0 0 0 0 0 0 0 0 0 0.00655104 0.000377038 0 0 0.000966161 0.49656 
0.133771 0.018118 0 0 2.40292e-005 0.0149942 0.00295559 0 0 0 0.000288351 0 0 0 0 0 0.00158593 0.000240292 0 0 0.0031238 0.029604 0.0250865 0 0 2.40292e-005 0.0163399 0.0557238 0 0 0 2.40292e-005 0 0 0 0 4.80584e-005 0.00665609 0.000192234 0 0 0.00146578 0.0521194 0.101475 0 0 0.000264321 0.0342897 0 0 0 0 0 0 0 0 0 0 0.00684833 0.000216263 0 0 0.00112937 0.493392 
0.118956 0.0246018 0 0 9.42596e-005 0.0201244 0.0026864 0 0 0 7.06947e-005 0 0 0 0 0 0.000777642 0.000424168 0 0 0.00266283 0.0336742 0.0245075 0 0 4.71298e-005 0.0159299 0.0496041 0 0 0 4.71298e-005 0 0 0 0 2.35649e-005 0.00636252 0.000117824 0 0 0.00207371 0.051725 0.106608 0 0 0.000141389 0.0329909 0 0 0 0 0 0 0 0 0 0 0.00666887 0.000377038 0 0 0.000801207 0.497903 
0.107988 0.0254946 0 0 0.00011557 0.0233913 0.00275055 0 0 0 6.93417e-005 0 0 0 0 0 0.000716531 0.000161797 0 0 0.00161797 0.0448872 0.0230446 0 0 9.24556e-005 0.0167114 0.0384847 0 0 0 2.31139e-005 0 0 0 0 0 0.00644878 0.000184911 0 0 0.00307415 0.0520756 0.115939 0 0 0.000208025 0.0326831 0 0 0 0 0 0 0 0 0 0 0.00644878 0.000485392 0 0 0.000739645 0.496163 
0.0681482 0.0248148 0.00037037 0 0 0.00222222 0.000987654 0 0 0 0 0 0 0 0 0 0.0160494 0.0108642 0.000123457 0 0.00197531 0.0925926 0.0627161 0.000246914 0 0 0.00246914 0.00333333 0 0 0 0 0 0 0 0 0.00432099 0.021358 0.0111111 0 0 0.00419753 0.1 0.139136 0 0 0 0.00111111 0 0 0 0 0 0 0 0 0 0.00037037 0.0133333 0.00975309 0 0 0.00493827 0.403457 
0.0717305 0.0253593 0.000362275 0 0 0.00229441 0.000845309 0 0 0 0 0 0 0 0 0 0.0164231 0.00978143 0.000120758 0 0.00181138 0.0957614 0.0630359 0.000120758 0 0 0.0028982 0.00398503 0 0 0 0 0 0 0 0 0.00495109 0.0208912 0.010989 0 0 0.00313972 0.0996256 0.136336 0 0 0 0.000845309 0 0 0 0 0 0 0 0 0 0.000362275 0.0134042 0.0115928 0 0 0.0057964 0.397537 
0.0758362 0.0252385 0.000362275 0 0 0.00229441 0.000845309 0 0 0 0 0 0 0 0 0 0.0177515 0.00966067 0.000120758 0 0.00193213 0.0914141 0.0621906 0.000120758 0 0 0.00301896 0.00398503 0 0 0 0 0 0 0 0 0.00555488 0.0213742 0.010506 0 0 0.00326048 0.0993841 0.135853 0 0 0 0.000966067 0 0 0 0 0 0 0 0 0 0.000362275 0.0138872 0.0112305 0 0 0.0057964 0.397054 
0.0706173 0.025679 0.00037037 0 0 0.00234568 0.000864198 0 0 0 0 0 0 0 0 0 0.015679 0.00962963 0.000123457 0 0.00185185 0.0939506 0.0617284 0.000123457 0 0 0.00308642 0.00395062 0 0 0 0 0 0 0 0 0.00481481 0.0212346 0.0108642 0 0 0.00308642 0.100494 0.138272 0 0 0 0.000987654 0 0 0 0 0 0 0 0 0 0.00037037 0.0137037 0.011358 0 0 0.00580247 0.399012 
0.0713682 0.0252385 0.000483033 0 0 0.00229441 0.00072455 0 0 0 0 0 0 0 0 0 0.0165439 0.00990219 0.000120758 0 0.00193213 0.0963652 0.0621906 0.000120758 0 0 0.00301896 0.00386427 0 0 0 0 0 0 0 0 0.00470958 0.0212535 0.0111098 0 0 0.00301896 0.0997464 0.136698 0 0 0 0.00108683 0 0 0 0 0 0 0 0 0 0.000362275 0.0134042 0.0113513 0 0 0.00591716 0.397174 
0.0660494 0.0254321 0.000493827 0 0 0.00246914 0.000493827 0 0 0 0 0 0 0 0 0 0.0151852 0.01 0.000123457 0 0.00197531 0.0977778 0.0634568 0.000123457 0 0 0.00296296 0.00395062 0 0 0 0 0 0 0 0 0.00419753 0.0216049 0.0117284 0 0 0.00308642 0.100741 0.138765 0 0 0 0.000864198 0 0 0 0 0 0 0 0 0 0.00037037 0.0134568 0.0119753 0 0 0.00604938 0.396667 
0.0739806 0.0344653 0.0161596 0.00416614 0.000126247 0.0037874 0.00454488 0.00164121 0 0 0 0 0 0 0 0 0.0600934 0.0128772 0 0 0.00214619 0.0786517 0.0618609 0.000504987 0 0 0.00315617 0.00353491 0 0 0 0 0 0 0 0 0.0056811 0.0167908 0.010731 0 0 0.00315617 0.0892564 0.125615 0 0 0 0.00302992 0 0 0 0 0 0 0 0 0 0.000126247 0.00908976 0.0075748 0 0 0.00328241 0.363969 
0.09418 0.0427976 0.0213357 0.00353491 0 0.00265118 0.00164121 0 0 0 0 0 0 0 0 0 0.0441863 0.00921601 0 0 0.00113622 0.074738 0.0641333 0.00100997 0 0 0.00252493 0.00719606 0 0 0 0 0.000883727 0 0 0 0.00656483 0.0146446 0.011236 0 0 0.00277743 0.0789042 0.124605 0 0 0 0.00239869 0 0 0 0 0 0 0 0 0 0.00037874 0.010226 0.0094685 0 0 0.00366115 0.363969 
0.0893827 0.0424189 0.0217144 0.00315617 0 0.00277743 0.00164121 0 0 0 0 0 0 0 0 0 0.0396415 0.00921601 0 0 0.00113622 0.074738 0.0638808 0.00100997 0 0 0.00252493 0.00719606 0 0 0 0 0.00075748 0 0 0 0.0056811 0.0143921 0.0109835 0 0 0.00290367 0.0790304 0.127257 0 0 0 0.00239869 0 0 0 0 0 0 0 0 0 0.00037874 0.010226 0.0094685 0 0 0.00353491 0.372554 
0.0891302 0.0426714 0.0213357 0.00353491 0 0.00265118 0.00164121 0 0 0 0 0 0 0 0 0 0.039894 0.00908976 0 0 0.00113622 0.075243 0.0631233 0.00100997 0 0 0.00265118 0.00719606 0 0 0 0 0.00075748 0 0 0 0.00517611 0.0151496 0.0109835 0 0 0.00277743 0.0794092 0.127004 0 0 0 0.00239869 0 0 0 0 0 0 0 0 0 0.00037874 0.0100997 0.00896352 0 0 0.00366115 0.372933 
0.0854855 0.0427428 0.0188533 0.00335744 0 0.00271178 0.00154959 0 0 0 0 0 0 0 0 0 0.0339618 0.00916839 0 0 0.00116219 0.0768337 0.0631457 0.00129132 0 0 0.00271178 0.00723141 0 0 0 0 0.000516529 0 0 0 0.00451963 0.015625 0.0109762 0 0 0.00284091 0.0808368 0.129261 0 0 0 0.00245351 0 0 0 0 0 0 0 0 0 0.000387397 0.0102014 0.00916839 0 0 0.00374483 0.379261 
0.0854855 0.0426136 0.0188533 0.00335744 0 0.00284091 0.00154959 0 0 0 0 0 0 0 0 0 0.0339618 0.00916839 0 0 0.00116219 0.0769628 0.0630165 0.00129132 0 0 0.00271178 0.00723141 0 0 0 0 0.000516529 0 0 0 0.00451963 0.015625 0.0109762 0 0 0.00284091 0.0809659 0.129132 0 0 0 0.00245351 0 0 0 0 0 0 0 0 0 0.000387397 0.0102014 0.00916839 0 0 0.00374483 0.379261 
0.0445237 0.0258951 0.0154578 0.00118906 0 0.00488836 0.00713436 0.00303871 0 0 0 0 0 0 0 0 0.0614348 0.00753072 0 0 0.000132118 0.0640772 0.0529793 0.00118906 0 0 0.0051526 0.00475624 0 0 0 0 0 0 0 0 0.000528471 0.0352755 0.0120227 0 0 0.00383142 0.095257 0.138327 0 0 0 0.0036993 0 0 0 0 0 0 0 0 0 0.000396354 0.0183644 0.00647377 0 0 0.00422777 0.382217 
0.043905 0.0247934 0.012655 0.000645661 0 0.00464876 0.00710227 0.00309917 0 0 0 0 0 0 0 0 0.0617252 0.00826446 0 0 0.000129132 0.0631457 0.0524277 0.00116219 0 0 0.00503616 0.00464876 0 0 0 0 0 0 0 0 0.000516529 0.0348657 0.0120093 0 0 0.0036157 0.0985279 0.140108 0 0 0 0.00348657 0 0 0 0 0 0 0 0 0 0.000387397 0.0179494 0.00671488 0 0 0.0043905 0.384039 
0.0442924 0.0262138 0.0171746 0.000903926 0 0.00464876 0.00736054 0.00335744 0 0 0 0 0 0 0 0 0.0612087 0.0080062 0 0 0.000129132 0.064437 0.0528151 0.00116219 0 0 0.00490703 0.00464876 0 0 0 0 0 0 0 0 0.000516529 0.0355114 0.0120093 0 0 0.0036157 0.0951705 0.137009 0 0 0 0.00348657 0 0 0 0 0 0 0 0 0 0.000387397 0.0182076 0.00658574 0 0 0.0043905 0.381844 
0.0444215 0.0246643 0.0131715 0.000258264 0 0.00464876 0.00684401 0.00322831 0 0 0 0 0 0 0 0 0.0615961 0.00813533 0 0 0.000129132 0.0632748 0.0522986 0.00116219 0 0 0.00542355 0.0043905 0 0 0 0 0 0 0 0 0.000516529 0.035124 0.0118802 0 0 0.00309917 0.0985279 0.140625 0 0 0 0.0036157 0 0 0 0 0 0 0 0 0 0.000387397 0.0179494 0.00645661 0 0 0.00426136 0.38391 
0.0251215 0.0172222 3.47222e-005 0 0 0.0106771 0.00414931 0.000381944 0 0 6.94444e-005 0.000625 0 0 0 0 0.0167708 0.00222222 0 0 0.00107639 0.0495139 0.0368403 0.0384028 0 0 0.00413194 0.0238542 0 0 0 3.47222e-005 0 0 0 0 0 0.00739583 0.00496528 0 0 0.00170139 0.0467188 0.101753 0 0 0 0.00199653 0 0 0 0 0 0 0 0 0 0.000138889 0.0260069 0.00399306 0 0 0.00244792 0.571754 
0.0266812 0.0179338 1.62591e-005 0 1.62591e-005 0.0101294 0.0047314 0.000406478 0 0 8.12955e-005 0.000292664 0 0 0 0 0.0202101 0.00224376 0 0 0.000959287 0.0480131 0.0354611 0.0375423 0 0 0.00375585 0.0269576 0 0 0 0 0 0 0 0 0 0.00669875 0.00452003 0 0 0.00195109 0.0466961 0.101815 0 0 0 0.0022275 0 0 0 0 0 0 0 0 0 0.000130073 0.0246325 0.00323556 0 0 0.00216246 0.570499 
0.0223074 0.0179259 1.66597e-005 0 0 0.0107955 0.00486464 0.000416493 0 0 6.66389e-005 0.000316535 0 0 0 0 0.0194752 0.0022324 0 0 0.000683049 0.044798 0.0347022 0.0342024 0 0 0.00403165 0.0288546 0 0 0 0 0 0 0 0 0 0.00653061 0.00446481 0 0 0.00186589 0.0478301 0.104357 0 0 0 0.00229904 0 0 0 0 0 0 0 0 0 0.000116618 0.0253561 0.00303207 0 0 0.00224906 0.57621 
0.0262881 0.0177165 1.55e-005 0 0 0.0100905 0.00454151 0.000387501 0 0 6.20001e-005 0.000294501 0 0 0 0 0.020894 0.00217 0 0 0.000883502 0.0487476 0.0345341 0.0332631 0 0 0.00384401 0.0298841 0 0 0 0 0 0 0 0 0 0.00643251 0.00451051 0 0 0.0017825 0.0486856 0.104486 0 0 0 0.0022165 0 0 0 0 0 0 0 0 0 0.0001085 0.0234515 0.00313101 0 0 0.002108 0.569471 
0.0126577 0.0166924 0 0 0 0.00814841 0.00225466 3.95554e-005 0 0 0 0 0 0 0 0 0.000830663 0.00170088 0 0 0.000118666 0.0471896 0.0551402 0.0115897 0 0 0.00486531 0.0293501 0 0 0 0 0 0 0 0 0 0.0122622 0.00901863 0 0 0.00205688 0.0654246 0.130928 0 0 0 0.00181955 0 0 0 0 0 0 0 0 0 0.000197777 0.0338594 0.00628931 0 0 0.00336221 0.544203 
0.016711 0.0206297 0 0 0 0.00725193 0.0029278 0 0 0 0 0 0 0 0 0 0.00130625 0.0012612 0 0 0.000495473 0.0474753 0.0562137 0.0237377 0 0 0.00436917 0.0302239 0 0 0 0 0 0 0 0 0 0.0127021 0.00770236 0 0 0.00247737 0.0643214 0.112562 0 0 0 0.00207198 0 0 0 0 0 0 0 0 0 0.000225215 0.0373407 0.00599072 0 0 0.00346831 0.538534 
0.0140309 0.0225446 4.75624e-005 0 0 0.00846611 0.00451843 0.000332937 0 0 0 4.75624e-005 0 0 0 0 0.00104637 0.002283 0 0 0.000428062 0.0414269 0.0634483 0.0401427 0 0 0.00703924 0.0302021 0 0 0 0 0 0 0 0 0 0.0124138 0.00604043 4.75624e-005 0 0.00361474 0.0588347 0.109156 0 0 0 0.00275862 0 0 0 0 0 4.75624e-005 0 0 0 0.000285375 0.0406659 0.00347206 0 0 0.00485137 0.521807 
0.0169374 0.0225832 0 0 0 0.00856125 0.00439632 0.000323939 0 0 0 4.6277e-005 0 0 0 0 0.00101809 0.00268407 0 0 0.000370216 0.0434078 0.0705262 0.0401684 0 0 0.00629367 0.0281364 0 0 0 0 0 0 0 0 0 0.0128187 0.00638623 0 0 0.00407238 0.0590032 0.105373 0 0 4.6277e-005 0.00286917 0 0 0 0 0 0 0 0 0 0.000185108 0.039428 0.00448887 0 0 0.00472026 0.515156 
0.019876 0.012624 0.00198347 8.26446e-005 0 0.00822314 0.00694215 0.00241736 0 0 0 0.000165289 0 0 0 0 0.00258264 0.000599174 0 0 0.00035124 0.0300207 0.0344008 0.000495868 0 8.26446e-005 0.00266529 0.00663223 0 0 0 0 0 0 0 0 0 0.00473141 0.00541322 0 0 0.00679752 0.1125 0.207748 0 0 0 0.00235537 0 0 0 0 0 0 0 0 0 0.000123967 0.0214876 0.00454545 0 0 0.00216942 0.501983 
0.0172292 0.0138077 0.000776529 0 0 0.00764396 0.00555704 0.00184426 0 0 0 0.000194132 0 0 0 0 0.00242665 0.000461064 0 0 0.000533864 0.0299692 0.0365211 0.000509597 0 7.27996e-005 0.00356718 0.00562984 0 0 0 0 0 0 0 0 0 0.00487758 0.00708583 0 0 0.00577544 0.115582 0.205635 0 0 0 0.00165013 0 0 0 0 0 0 0 0 0 7.27996e-005 0.0231017 0.00456211 0 0 0.00237812 0.502536 
0.016064 0.0140096 0.00079206 0 0 0.00710378 0.00554442 0.00175738 0 0 0 0.000148511 0 0 0 0 0.00235143 0.000495037 0 0 0.000643548 0.029727 0.0352962 0.000495037 0 7.42556e-005 0.00289597 0.00794535 0 0 0 0 0 0 0 0 0 0.00475236 0.00589094 0 0 0.00745031 0.108859 0.210539 0 0 0 0.00183164 0 0 0 0 0 0 0 0 0 0.000123759 0.0229202 0.00383654 0 0 0.00245043 0.506002 
0.0176976 0.0136135 0.00111383 0 0 0.00928195 0.00633648 0.00217816 0 0 0 0.000198015 0 0 0 0 0.00193065 0.000618797 0 0 0.000371278 0.0284151 0.0348754 0.000643548 0 9.90074e-005 0.00314349 0.0046286 0 0 0 0 0 0 0 0 0 0.00435633 0.00688102 0 0 0.00551967 0.112373 0.21195 0 0 0 0.0019554 0 0 0 0 0 0 0 0 0 0.000123759 0.0222272 0.00480186 0 0 0.00249994 0.502166 
0.0238539 0.0128479 0.00388581 0.000202152 0 0.00752454 0.00718762 0.00323443 0 0 0 2.24613e-005 0 0 0 0 0.0026729 0.000404304 0 0 0.000696301 0.0263696 0.0327711 0.00051661 0 6.73839e-005 0.00343658 0.00440242 0 0 0 0 0 0 0 0 0 0.0044698 0.00543564 0 0 0.00673839 0.121987 0.2046 0 0 0 0.00274028 0 0 0 0 0 0 0 0 0 2.24613e-005 0.0196536 0.00473934 0 0 0.00202152 0.497496 
0.0278408 0.013349 0.000380946 0 0 0.00792051 0.00336503 0.000238091 0 0 0 0 0 0 0 0 0.00344439 0.00252377 0 0 0.000873002 0.029571 0.0283329 0.00474596 0 0.000619038 0.00352375 0.0445072 0 0 0 0 0 0 0 0 0 0.00384121 0.00465072 0 0 0.0658878 0.0553642 0.163331 0 0 0 0.0018095 0 0 0 0 0 0 0 0 0 3.17455e-005 0.0174442 0.00288884 0 0 0.00207933 0.511436 
0.0060771 0.0306576 0.00272109 0 0 0.00979592 0.0060771 0.00163265 0 0 0 0 0 0 0 0 0.00108844 0.00281179 0 0 0.000181406 0.0803628 0.0599546 0.000181406 0 0 0.00589569 0.00353742 0 0 0 0 0 0 0 0 0 0.0101587 0.00834467 0 0 0.00253968 0.0865306 0.150113 0 0 0 0.00235828 0 0 0 0 0 0 0 0 0 0.000362812 0.0239456 0.00544218 0 0 0.00453515 0.494694 
0.0150409 0.0258989 0.00195799 8.89996e-005 0 0.00800997 0.00738697 0.00160199 0 0 0 0 0 0 0 0 0.00320399 0.00177999 0 0 0.00186899 0.102261 0.0538448 0.000711997 0 0 0.00667497 0.00400498 0 0 0 0 0 0 0 0 0 0.011481 0.010502 0 0 0.00222499 0.0941616 0.157173 0 0 0 0.00222499 0 0 0 0 0 0 0 0 0 8.89996e-005 0.0242969 0.00703097 0 0 0.00436098 0.452118 
0.0034 0.0649 0.0782 0.0075 0 0 0.0086 0.0041 0 0 0 0 0 0 0 0 0 0.0063 0.0104 0.0001 0 0.0031 0.2194 0.2215 0 0 0 0.0012 0 0 0 0 0 0 0 0 0 0 0.0405 0.0537 0 0 0.0108 0.2663 0 0 0 0 0 0 0 0 0 0 0 0 0 0 0 0 0 0 0 0 
0.00226223 0.0615515 0.0806862 0.0122537 0 9.42596e-005 0.00829484 0.00697521 0 0 0 0 0 0 0 0 0 0.00509002 0.0147045 0 0 0.00245075 0.200113 0.228297 0 0 0 0.00141389 0 0 0 0 0 0 0 0 0 0 0.0355359 0.0530681 0 0 0.00377038 0.283439 0 0 0 0 0 0 0 0 0 0 0 0 0 0 0 0 0 0 0 0 
0.00276331 0.0599426 0.071421 0.00786481 0 0 0.00669572 0.00382612 0 0 0 0 0 0 0 0 0 0.00658944 0.0144542 0 0 0.00106281 0.197896 0.234563 0 0 0 0.00116909 0 0 0 0 0 0 0 0 0 0 0.0365607 0.0588798 0 0 0.0051015 0.291211 0 0 0 0 0 0 0 0 0 0 0 0 0 0 0 0 0 0 0 0 
0.0019 0.0649 0.0686 0.0105 0 0 0.0121 0.0047 0 0 0 0 0 0 0 0 0 0.0059 0.0112 0.0001 0 0.0026 0.2045 0.2309 0 0 0 0.0014 0 0 0 0 0 0 0 0 0 0 0.0384 0.0522 0 0 0.0046 0.2855 0 0 0 0 0 0 0 0 0 0 0 0 0 0 0 0 0 0 0 0 
0.00286959 0.067276 0.0713147 0.00977787 0 0 0.010203 0.00286959 0 0 0 0 0 0 0 0 0 0.00584547 0.0157296 0 0 0.00223191 0.197471 0.234456 0 0 0 0.00148794 0 0 0 0 0 0 0 0 0 0 0.0392178 0.0576044 0 0 0.00382612 0.277819 0 0 0 0 0 0 0 0 0 0 0 0 0 0 0 0 0 0 0 0 
0.00214264 0.0661157 0.0683604 0.00622385 0 0.00010203 0.0115294 0.00540761 0 0 0 0 0 0 0 0 0 0.00591776 0.0110193 0 0 0.00224467 0.198245 0.227426 0 0 0 0.00153046 0 0 0 0 0 0 0 0 0 0 0.0383634 0.05377 0 0 0.00530558 0.296296 0 0 0 0 0 0 0 0 0 0 0 0 0 0 0 0 0 0 0 0 
0.00363322 0.0191696 0.00449827 0.00480969 0 0.00712803 0.0129066 0.00650519 0 0 0 3.46021e-005 0 0 0 0 0.000207612 0.000761246 3.46021e-005 0 0.00017301 0.0308997 0.04 0.000968858 0 0 0.00404844 0.00788927 0 0 0 0 0 0 0 0 0 0.00539792 0.00415225 0 0 0.00186851 0.0650519 0.178443 0 0 0 0.00190311 0 0 0 0 0 0 0 0 0 0 0.0116955 0.00446367 0 0 0.00252595 0.58083 
0.00609544 0.0196752 0.00651981 0 0 0.00887311 0.00806296 0.000694418 0 0 0 0 0 0 0 0 0.000192894 0.000887311 3.85788e-005 0 0.000115736 0.0376914 0.0355696 0.000578681 0 0 0.00389645 0.00177462 0 0 0 0 0 0 0 0 0 0.00752286 0.00651981 0 0 0.00370356 0.0765403 0.178195 0 0 0 0.00243046 0 0 0 0 0 0 0 0 0 0 0.0205625 0.00497666 0 0 0.00536245 0.56352 
0.00359092 0.0173801 0 0 0 0.0147228 0.00488365 0.000861821 0 0 0 0 0 0 0 0 0.0121373 0.0019391 0 0 0.0366992 0.0346883 0.0323901 7.18184e-005 0 0 0.00395001 0.00136455 0 0 0 0 0 0 0 0 0.00876185 0.0101264 0.00703821 0 0.00380638 0.00682275 0.062123 0.147371 0 0 0 0.00237001 0 0 0 0 0.00488365 0 0 0 0.0603275 0.00703821 0.0140046 0.00402183 0 0 0.00459638 0.492028 
0.00745148 0.0126795 0 0 0 0.0139415 0.0040262 0.000661018 0 0 0 0 0 0 0 0 0.0088336 0.00192296 0 0 0.0332913 0.0327504 0.0273421 0.000661018 0 0 0.0031849 0.00102157 0 0 0 0 0 0 0 0 0.00871342 0.0111171 0.0072111 0 0.00462713 0.0109969 0.066222 0.136771 0 0 0 0.00198305 0 0 0 0 0.000360555 0 0 0 0.0276426 0.0109969 0.0177273 0.00354546 0 0 0.0336518 0.510666 
0.00660982 0.0138145 0 0 0 0.0150704 0.00429638 0.000660982 0 0 0 0 0 0 0 0 0.00938595 0.00211514 0 0 0.0362879 0.0333135 0.0279595 0.000330491 0 0 0.00343711 0.00112367 0 0 0 0 0 0 0 0 0.00892326 0.0106418 0.00694031 0 0.00489127 0.0116994 0.0663626 0.136228 0 0 0 0.00204904 0 0 0 0 0.000396589 0 0 0 0.0298103 0.0118316 0.0167229 0.00350321 0 0 0.0265715 0.509022 
0.00825145 0.0147392 0 0 0 0.0139204 0.00390527 0.000125976 0 0 0 0 0 0 0 0 0.0122827 0.00176367 0 0 0.0367851 0.0301713 0.0273369 0.00100781 0 0 0.00308642 0.00144873 0 0 0 0 0 0 0 0 0.00925926 0.0121567 0.00673973 0 0.00333837 0.010519 0.0650668 0.13681 0 0 0 0.0026455 0 0 0 0 0.000629882 0 0 0 0.0291635 0.0085034 0.0172588 0.0047871 0 0 0.0298564 0.50844 
0.005155 0.0162418 0 0 0 0.0144058 0.00282466 0 0 0 0 0 0 0 0 0 0.0216793 0.00211849 0 0 0.0338959 0.0325542 0.0247158 0.000141233 0 0 0.00338959 0.00148295 0 0 0 0 0 0 0 0 0.00988631 0.0106631 0.00826213 0 0.00593178 0.0110162 0.0682861 0.14886 0 0 0 0.00282466 0 0 0 0 0.000282466 0 0 0 0.0299414 0.00663795 0.0158887 0.00402514 0 0 0.016383 0.502507 
0.0058736 0.0187172 0 0 0 0.0148015 0.0032109 0 0 0 0 0 0 0 0 0 0.0224763 0.00258438 0 0 0.0347717 0.0332054 0.0267836 7.83147e-005 0 0 0.00328922 0.00133135 0 0 0 0 0 0 0 0 0.0106508 0.0113556 0.00830135 0 0.00509045 0.00971102 0.0658626 0.151774 0 0 0 0.00297596 0 0 0 0 0.000313259 0 0 0 0.033362 0.00603023 0.0144099 0.00407236 0 0 0.00978933 0.499178 
0.00719008 0.0142149 0 0 0 0.00504132 0.00305785 0 0 0 0 0 0 0 0 0 0.00206612 0.0014876 0 0 0.000165289 0.0345455 0.0244628 0 0 0 0.00305785 0.000578512 0 0 0 0 0 0 0 0 0 0.0242975 0.00859504 0 0 0.0113223 0.106116 0.120909 0 0 0 0.00173554 0 0 0 0 0 0 0 0 0 0 0.0282645 0.00545455 0 0 0.0269421 0.570496 
0.00653061 0.0159637 0 0 0 0.00471655 0.00235828 0 0 0 0 0 0 0 0 0 0.000362812 0.000634921 0 0 0.000816327 0.043356 0.0273923 0 0 0 0.00344671 0.000634921 0 0 0 0 0 0 0 0 0 0.00843537 0.01161 0 0 0.0177778 0.104127 0.122993 0 0 0 0.00235828 0 0 0 0 0 0 0 0 0 0.000453515 0.0244898 0.00526077 0 0 0.0188662 0.577415 
0.00685871 0.0138032 0 0 0 0.00600137 0.00222908 0 0 0 0 0 0 0 0 0 0.0131173 0.00274348 0 0 0.00805898 0.0607853 0.0252058 0 0 0 0.00265775 0.000342936 0 0 0 0 0 0 0 0 0 0.00522977 0.00814472 0 0 0.00420096 0.101852 0.123714 0 0 0 0.00214335 0 0 0 0 0 0 0 0 0 0 0.0141461 0.00360082 0 0 0.0162894 0.578875 
0.00808013 0.0151502 0 0 0 0.00530258 0.00353506 0 0 0 0 0 0 0 0 0 0.00244087 0.00193586 0 0 0.000336672 0.0718795 0.0245771 0 0 0 0.00252504 0.000505008 0 0 0 0 0 0 0 0 0 0.0181803 0.00917431 0 0 0.00412423 0.0979716 0.123054 0 0 0 0.00269338 0 0 0 0 0 0 0 0 0 0 0.0132144 0.00505008 0 0 0.0176753 0.572595 
0.00761905 0.015873 0 0 0 0.00507936 0.00172336 0 0 0 0 0 0 0 0 0 0.000362812 0.000725624 0 0 0.000362812 0.0411791 0.0284807 0 0 0 0.00290249 0.000816327 0 0 0 0 0 0 0 0 0 0.00761905 0.0106122 0 0 0.0060771 0.103583 0.120544 0 0 0 0.00226757 0 0 0 0 0 0 0 0 0 0 0.0244898 0.00526077 0 0 0.0387302 0.575692 
0.00720165 0.0154321 0 0 0 0.00514403 0.00317215 0 0 0 0 0 0 0 0 0 0.000685871 0.000943073 0 0 0.000514403 0.0376372 0.0294067 0 0 0.000771605 0.00471536 0.000514403 0 0 0 0 0 0 0 0 0 0.00462963 0.00737311 0 0 0.0134602 0.120971 0.125686 0 0 0.00180041 0.00265775 0 0 0 0 0 0 0 0 0 0 0.0146605 0.0050583 0 0 0.017061 0.580504 
0.0095414 0.0149277 0.000846414 0 7.69468e-005 0.00561711 0.00515543 0 0 0 0 0 0 0 0 0 0.00330871 0.00123115 0 0 0.00107725 0.0363958 0.0264697 0 0 0.00438596 0.00323176 0.000384734 0 0 0 0 0 0 0 0 0 0.00600185 0.00769468 0 0 0.0233149 0.115959 0.114497 0 0 0.00269314 0.00200062 0 0 0 0 0 0 0 0 0 0 0.0138504 0.00484765 0 0 0.0199292 0.576562 
0.00674926 0.0151627 0 0 0 0.00101701 0 0 0 0 0 0 0 0 0 0 0.0024963 0.00240385 0 0 0.000369822 0.03125 0.0318972 0 0 0.000184911 0.000924556 0.00573225 0 0 0 0 0 0 0 0 0 0.0128513 0.0110022 0 0 0.0276442 0.089682 0.115939 0 0.000924556 0.00110947 0.000832101 0 0 0 0 0 0 0 0 0 0 0.0422522 0.00517751 0 0 0.0372596 0.557138 
0.00329472 0.0155171 0 0 0 0.00690828 0.000743969 0 0 0 0 0 0 0 0 0 0.000425125 0.00085025 0 0 0.000106281 0.0375173 0.0282708 0 0 0.000531406 0.00361356 0.000212562 0 0 0 0 0 0 0 0 0 0.00616431 0.00701456 0 0 0.0114784 0.148581 0.140397 0 0.00191306 0.000743969 0.00329472 0 0 0 0 0 0 0 0 0 0 0.0227442 0.00382612 0 0 0.0113721 0.544479 
0.00442138 0.0155709 0 0 9.61169e-005 0.00557478 0.000576701 0 0 0 0 0 0 0 0 0 0.00134564 0.00124952 0 0 0.000384468 0.0390235 0.0249904 0 0 0.0011534 0.00221069 0.000192234 0 0 0 0 0 0 0 0 0 0.00711265 0.0091311 0 0 0.00865052 0.111015 0.129373 0 0 0 0.00182622 0 0 0 0 0 0 0 0 0 0 0.0290273 0.00451749 0 0 0.0802576 0.522299 
0.00868612 0.0256789 0.000168663 0 4.21656e-005 0.00948727 0.0324254 8.43313e-005 0 0 0 4.21656e-005 0 0 0 0 0.00898128 0.00126497 0 0 0.00160229 0.0346601 0.0266487 8.43313e-005 0 0.000210828 0.00358408 0.00151796 0 0 0 0 0.000716816 0.000632484 0 0 8.43313e-005 0.0145471 0.00543937 0 0 0.0150953 0.0744645 0.0869877 0 8.43313e-005 4.21656e-005 0.00215045 0 0 0 0 0 0.00763198 0.000337325 0 0 0.000505987 0.04887 0.0039214 0 0 0.0566706 0.526649 
8.26446e-005 0.0133884 8.26446e-005 0 0 0.0152893 0.0085124 0 0 0 0 0 0 0 0 0 8.26446e-005 0.00206612 0 0 0 0.0190909 0.028843 0 0 0 0.00561983 0.00264463 0 0 0 0 0 0 0 0 0 0.00231405 0.00727273 0 0 0.000743802 0.0854545 0.120331 0 0 0 0.0053719 0 0 0 0 0 0 0.00446281 0 0 0 0.0201653 0.00429752 0 0 0.00983471 0.64405 
0.00148798 0.019657 0.00109641 0 0 0.0147232 0.0101026 0 0 0 0 0 0 0 0 0 0.000313259 0.00485551 7.83147e-005 0 7.83147e-005 0.0279583 0.0270186 0.000313259 0 0 0.00446394 0.00274101 0 0 0 0 0 7.83147e-005 0 0 0 0.00219281 0.00916282 0 0 0.000313259 0.0891221 0.112773 0 0 0 0.00509045 0 0 0 0 0 0 0.00994596 0 0 0 0.0168377 0.0053254 0 0 0.00720495 0.627066 
0.00460761 0.0295779 0.0023038 0 0 0.0150119 0.00906659 0 0 0 0 0 0 0 0 0 0.000371581 0.00438466 0 0 0 0.0282402 0.0321046 0.000966112 0 0 0.00564804 0.00260107 0 0 0 0 0 0.000297265 0 0 0 0.00393876 0.00839774 0 0 0.00059453 0.0827883 0.105975 0 0 0 0.00512782 0 0 0 0 0 0 0.013154 0 0 0 0.0166468 0.00564804 0 0 0.00780321 0.614744 
0.00253924 0.0269314 0.0024623 0 0 0.0153894 0.010157 0 0 0 0 0 0 0 0 0 0.000538627 0.00423207 0 0 0 0.0300862 0.0317021 7.69468e-005 0 0 0.00538627 0.00300092 0 0 0 0 0 7.69468e-005 0 0 0 0.00300092 0.00769468 0 0 0.000692521 0.0845645 0.105956 0 0 0 0.00546322 0 0 0 0 0 0 0.0124654 0 0 0 0.0177747 0.00538627 0 0 0.00831025 0.616113 
0.00264463 0.0265289 0.0014876 0 0 0.0161157 0.0102479 0 0 0 0 0 0 0 0 0 0.000247934 0.00454545 0 0 0 0.0278512 0.0310744 0.000330579 0 0 0.00479339 0.00363636 0 0 0 0 0 0.000165289 0 0 0 0.00272727 0.00876033 0 0 0.000909091 0.0859504 0.111405 0 0 0 0.00446281 0 0 0 0 0 0 0.0123967 0 0 0 0.0167769 0.00363636 0 0 0.0092562 0.61405 
0.00377039 0.0261619 0.00192367 0 0 0.0153124 0.0136196 0 0 0 0 0 0 0 0 0 0.000692521 0.00538627 0 0 7.69468e-005 0.0287781 0.0320098 0.000307787 0 0 0.00530933 0.00292398 0 0 0 0 0 0.000307787 0 0 0 0.00253924 0.00800246 0 0 0.000538627 0.0822561 0.108649 0 0 0 0.00453986 0 0 0 0 0 0 0.0134657 0 0 0 0.0176208 0.00577101 0 0 0.00715605 0.612881 
0.00976857 0.0144953 0 0 0 0.00616225 0.00255593 0 0 0 0 0 0 0 0 0 0.000245089 0.000770281 0 0 7.00256e-005 0.0406848 0.0323868 0.0057421 0 0 0.00388642 0.0185918 0 0 0 0 0 0 0 0 0 0.00745772 0.00847309 3.50128e-005 0 0.00322118 0.0710059 0.093239 0 0 0 0.00178565 0 0 0 0 0 0 0 0 0 3.50128e-005 0.0266097 0.00395644 0 0 0.0189769 0.629845 
0.00978079 0.0131322 0 0 0 0.00574536 0.00259909 0 0 0 0 0 0 0 0 0 0.000273588 0.00095756 0 0 0.000136794 0.0410383 0.0283848 0.00608734 0 0 0.00410383 0.0161075 0 0 0 0 0 0 0 0 0 0.00762628 0.00803666 3.41986e-005 0 0.00335146 0.0703464 0.0895318 0 0 0 0.00184672 0 0 0 0 0 0 0 0 0 6.83971e-005 0.0266065 0.00376184 0 0 0.0190828 0.64136 
0.00878821 0.0139001 0 0 0 0.00570708 0.00238087 0 0 0 0 0 0 0 0 0 0.000315115 0.000350128 0 0 0.000175064 0.032947 0.0265397 0.00308112 0 0 0.00385141 0.0154756 0 0 0 0 0 0 0 0 0 0.0063023 0.00798291 0 0 0.00294107 0.0726865 0.0910682 0 0 0 0.00189069 0 0 0 0 0 0 0 0 0 0.000175064 0.0277651 0.00420153 0 0 0.0200273 0.651448 
0.0101384 0.0139446 0 0 0 0.00512111 0.00249135 0 0 0 0 0 0 0 0 0 0.000276817 0.000622837 0 0 6.92042e-005 0.0374048 0.033737 0.0112457 0 0 0.00411765 0.0149135 0 0 0 0 0 0 0 0 0 0.0083391 0.00865052 0 0 0.00276817 0.0692734 0.0902768 0 0 0 0.00183391 0 0 0 0 0 0 0 0 0 0.000138408 0.0253287 0.00418685 0 0 0.0202422 0.634879 
0.0125952 0.00470588 0 0 0 0 0 0 0 0 0 0 0 0 0 0 0.00221453 0.00262976 0 0 0.00110727 0.0312803 0.0282353 0.00941176 0 0 0.00221453 0.0119031 0 0 0 0 0 0 0 0 0 0.0134256 0.0107958 0.00083045 0 0.00525952 0.0530104 0.0777855 0 0 0 0.00207612 0 0 0 0 0 0.000276817 0 0 0 0.00373702 0.0279585 0.00539792 0 0 0.0483045 0.644844 
0.00429383 0.0149293 0 0 0 0.0082904 0.00462412 0.000198177 0 0 0 0 0 0 0 0 0.00214692 0.000396354 0 0 0.00204783 0.031345 0.0303541 0.000726648 0 0.000132118 0.00287356 0.00620954 0 0 0 0 0 0 0 0 0 0.00805919 0.00792707 9.90884e-005 0 0.00472321 0.0791386 0.0833994 0 0 9.90884e-005 0.00191571 0 0 0 0 0 0 0 0 0 3.30295e-005 0.0270842 0.00399657 0 0 0.0238803 0.651077 
0.00735406 0.0166895 3.81039e-005 0 0 0.00712544 0.00320073 0 0 0 0 0 0 0 0 0 0.000800183 0.000533455 0 0 0.000914495 0.0301402 0.0304451 0.00301021 0 7.62079e-005 0.00392471 0.00986892 0 0 0 0 0 0 0 0 0 0.00746837 0.00765889 3.81039e-005 0 0.00419143 0.0825332 0.0885155 0 0 0 0.00167657 0 0 0 0 0 0 0 0 0 0 0.0318168 0.00312452 0 0 0.0226337 0.636222 
0.00297056 0 0 0 0 0 0 0 0 0 0 0 0 0 0 0 0.146985 0.00100305 0 0 0.0334478 0.0223371 7.71575e-005 0 0 0.000231473 0.000655839 0 0 0 0 0 0 0 0 0 0.0452915 0.0433239 0.000694418 0 0.000115736 0.0361097 0.0903129 3.85788e-005 0 0 0 0.000115736 0 0 0 0 0 3.85788e-005 0 0 0 0.0469889 0.0835616 0.0030863 0 0.000231473 0.28502 0.157363 
0.00285156 0 0 0 0 0 0 0 0 0 0 0 0 0 0 0 0.142734 0.00101562 0 0 0.0330078 0.0228516 7.8125e-005 0 0 0.000234375 0.000664063 0 0 0 0 0 0 0 0 0 0.0444141 0.0448437 0.000703125 0 7.8125e-005 0.0367578 0.0915625 3.90625e-005 0 0 0 0.000117187 0 0 0 0 0 3.90625e-005 0 0 0 0.0466406 0.084375 0.00320312 0 0.000234375 0.288164 0.155391 
0.00289811 0 0 0 0 0 0 0 0 0 0 0 0 0 0 0 0.145771 0.000978584 0 0 0.0328955 0.0219805 0.000112914 0 0 0.000188189 0.000677481 0 0 0 0 0 0 0 0 0 0.0435094 0.043547 0.000639843 0 7.52757e-005 0.0351538 0.0904061 3.76378e-005 0 0 0 0.000112914 0 0 0 0 0 3.76378e-005 0 0 0 0.0511122 0.084911 0.00334977 0 0.000301103 0.281456 0.159848 
0.00391434 0 0 0 0 0 0 0 0 0 0 0 0 0 0 0 0.150514 0.000978584 0 0 0.0322556 0.0219805 0.000112914 0 0 0.000188189 0.000677481 0 0 0 0 0 0 0 0 0 0.0439986 0.043547 0.000639843 0 7.52757e-005 0.0356807 0.0900674 3.76378e-005 0 0 0 0.000112914 0 0 0 0 0 3.76378e-005 0 0 0 0.0478753 0.0836689 0.00301103 0 0.000263465 0.28123 0.159133 
0.00809689 0 0 0 0.000103806 0 0 0 0 0 0 0 0 0 0 0 0.145121 0.000968858 0 0 0.0314879 0.0207266 0 0 0 0.000138408 0.000207612 0 0 0 0 0 0 0 0 0 0.0384083 0.0451557 0.00141869 0 6.92042e-005 0.0380969 0.104637 0.000415225 0 0 6.92042e-005 3.46021e-005 0 0 0 0 0 6.92042e-005 0 0 0 0.0538408 0.0859516 0.00408304 0 0.000726644 0.253426 0.166747 
0.117911 0.0108696 0.00236295 0 0 0.00271739 0 0 0 0 0 0 0 0 0 0 0.0287098 0.00519849 0.000118147 0 0.00141777 0.0600189 0.0802221 0.000118147 0 0 0.00141777 0.000354442 0 0 0 0 0 0 0 0 0 0.0121692 0.0324905 0 0 0.00720699 0.134688 0.0457231 0 0 0 0.00165406 0 0 0 0 0 0 0 0 0 0.00496219 0.0139414 0.0186673 0 0 0.0249291 0.392131 
0.0978148 0.00867152 0.00161868 0 0 0.00265927 0.000231241 0 0 0 0 0 0 0 0 0 0.0256677 0.00566539 0 0 0.0011562 0.0650942 0.0800093 0.000231241 0 0 0.00196555 0.00011562 0 0 0 0 0 0 0 0 0 0.0137588 0.0305238 0.000346861 0 0.00751532 0.142213 0.0482137 0 0 0 0.000693722 0 0 0 0 0 0 0 0 0 0.00520291 0.0123714 0.0169962 0 0 0.0292519 0.402012 
0.0968898 0.0105214 0.000924962 0 0 0.00254365 0 0 0 0 0 0 0 0 0 0 0.0137588 0.00554977 0 0 0.0011562 0.0657879 0.0870621 0.000462481 0 0 0.00184992 0.00104058 0 0 0 0 0 0 0 0 0 0.0159556 0.0363048 0.00011562 0 0.00924962 0.137704 0.0471731 0 0 0 0.000924962 0 0 0 0 0 0 0 0 0 0.00497167 0.0132963 0.0179211 0 0 0.0279801 0.400856 
0.094626 0.00698061 0 0 0 0.00277008 0 0 0 0 0 0 0 0 0 0 0.0160665 0.00454294 0 0 0.000886427 0.06759 0.0881994 0.000443213 0 0 0.00199446 0.00110803 0 0 0 0 0 0 0 0 0 0.0151801 0.0318006 0 0 0.00831025 0.141274 0.0490859 0 0 0 0.00066482 0 0 0 0 0 0 0 0 0 0.00554017 0.0145152 0.0168421 0 0 0.0280332 0.403546 
0.0198123 0.00316049 0 0 0.000592593 0.00426667 5.92593e-005 0 0 0 0 0 0 0 0 0 0.0018963 0.00296296 0 0 0.00191605 0.0459852 0.092958 0 0 0 0.00312099 0 0 0 0 0 0 0 0 0 0.000730864 0.017758 0.0329086 0 0 0.00827654 0.111151 0.00979753 0 0 0 0.000493827 0 0 0 0 0 0.0183901 0 0 0 0.0297086 0.0173037 0.0144988 0 0 0.172958 0.389294 
0.0195424 0.00318267 0 0 0.000582196 0.004153 5.82196e-005 0 0 0 0 0 0 0 0 0 0.00192125 0.00322149 0 0 0.00188244 0.0465563 0.0927051 0 0 0 0.00322149 0 0 0 0 0 0 0 0 0 0.000640416 0.0179316 0.0325254 0 0 0.00838363 0.110423 0.00980031 0 0 0 0.000485164 0 0 0 0 0 0.0183392 0 0 0 0.028974 0.0171166 0.0143803 0 0 0.170487 0.393487 
0.0199697 0.00310906 0 0 0.000597895 0.00430485 5.97895e-005 0 0 0 0 0 0 0 0 0 0.00191327 0.00288983 0 0 0.00187341 0.0454401 0.0938696 0 0 0 0.00314892 0 0 0 0 0 0 0 0 0 0.000657685 0.0179568 0.0326451 0 0 0.00803173 0.111089 0.00990513 0 0 0 0.000498246 0 0 0 0 0 0.018176 0 0 0 0.0303731 0.0174585 0.0142897 0 0 0.173908 0.387835 
0.0200459 0 0 0 0 3.01896e-005 0 0 0 0 0 0 0 0 0 0 0.186149 0.000573602 0 0 0.0350501 0.0239705 0 0 0 0.000120758 9.05688e-005 0 0 0 0 0 0 0 0 0 0.0301594 0.0406352 0.00190194 0 3.01896e-005 0.0354124 0.103097 0.000633981 0 0 0 0 0 0 0 0 0 0.000483033 0 0 0 0.0426579 0.0841082 0.00428692 0 0.000422654 0.215735 0.174405 
0.00745642 0 0 0 5.251e-005 0 0 0 0 0 0 0 0 0 0 0 0.097196 0.00015753 0 0 0.0208465 0.0248897 0 0 0 0.00010502 0.00026255 0 0 0 0 0 0 0 0 0 0.0228944 0.0533501 0.0100819 0 5.251e-005 0.034289 0.110218 0 0 0 5.251e-005 5.251e-005 0 0 0 0 0 0 0 0 0 0.0406952 0.109221 0.00698383 0 0.00099769 0.345043 0.115102 
0.0257872 0.000213117 0 0 0 0 0 0 0 0 0 0 0 0 0 0 0.00697959 0.00975012 0 0 0.00399595 0.0386275 0.0724066 0 0 0 0 0 0 0 0 0 0.000159838 0 0 0 0.00351644 0.0265864 0.0833289 0 0 0.0102829 0.0782141 0.0102296 0 0 0 0 0 0 0 0 0 0.0169428 0 0 0 0.0340988 0.0245618 0.0250413 0 0 0.316106 0.213171 
0.0369359 0.00508818 0 0 0.000532793 0.00956364 2.66397e-005 0 0 0 0 0 0 0 0 0 0.00231765 0.000692631 0 0 0.00221109 0.0188742 0.0273456 0 0 0 0.00471522 0 0 0 0 0 0 0 0 0 0.000532793 0.016823 0.0100565 0 0 0.00620704 0.108144 0.00796526 0 0 0 0.00106559 0 0 0 0 0 0.00410251 0 0 0 0.0318211 0.0301961 0.011868 0 0 0.211066 0.451849 
0.0377868 0.00577801 0 0 0.00090499 0.0103308 1.39229e-005 0 0 0 0 0 0 0 0 0 0.00289597 0.000710069 0 0 0.0026732 0.0260219 0.0378007 0 0 1.39229e-005 0.00725384 0 0 0 0 0 1.39229e-005 0 0 0 0.00101637 0.0210654 0.0163316 0 0 0.00746269 0.101456 0.0080196 0 0 0 0.00121129 0 0 0 0 0 0.0218451 0 0 0 0.0479505 0.0379678 0.0156911 0 0 0.218715 0.369069 
0.0292996 0.00340881 0 0 0 0.00438276 0 0 0 0 0 0 0 0 0 0 0.00649298 0.00357114 0 0 0.00714228 0.0798636 0.0124178 0 0 0 0.00633065 0 0 0 0 0 0 0 0 0 0.000892785 0.0406623 0.0552715 0 0 0.018505 0.142521 0.012499 0 0 0 0.00170441 0 0 0 0 0 0 0 0 0 0.0128236 0.0263777 0.018992 0 0 0.257447 0.259395 
0.0292996 0.00340881 0 0 0 0.00438276 0 0 0 0 0 0 0 0 0 0 0.0066553 0.00357114 0 0 0.00706112 0.0805941 0.0126613 0 0 0 0.00633065 0 0 0 0 0 0 0 0 0 0.000892785 0.0411493 0.0549468 0 0 0.018505 0.14244 0.012499 0 0 0 0.00170441 0 0 0 0 0 0 0 0 0 0.0128236 0.0266212 0.0185862 0 0 0.260125 0.255742 
0.011742 0.00252675 0 0 0 0 0 0 0 0 0 0 0 0 0 0 0.0186534 0.00876932 0 0 0.00772889 0.0645065 0.0414685 0 0 7.43163e-005 0.000817479 0 0 0 0 0 0 0 0 0 0.00252675 0.032179 0.050758 0 0 0.0126338 0.108056 0.0108502 0 0 0 7.43163e-005 0 0 0 0 0 0.00624257 0 0 0 0.0190993 0.0292806 0.021849 0 0 0.349881 0.200282 
0.0271528 0.00451389 0 0 0 0.00222222 0 0 0 0 0 0 0 0 0 0 0.0224306 0.005 0 0 0.00555556 0.0707639 0.0165972 0 0 0 0.00270833 0 0 0 0 0 0 0 0 0 0.000902778 0.0339583 0.0467361 0 0 0.0142361 0.146111 0.0125694 0 0 0 0.00104167 0 0 0 0 0 0 0 0 0 0.0272917 0.0249306 0.0204861 0 0 0.256111 0.258681 
0.0267636 0.00466069 0 0 0 0.00225973 0 0 0 0 0 0 0 0 0 0 0.0202669 0.00494315 0 0 0.00522562 0.0706871 0.0165243 0 0 0 0.00218911 0 0 0 0 0 0 0 0 0 0.000918014 0.0344608 0.0485841 0 0 0.0139821 0.146459 0.0125697 0 0 0 0.00105925 0 0 0 0 0 0.000141233 0 0 0 0.0275404 0.0256338 0.02062 0 0 0.259869 0.254643 
0.0277595 0.00467529 0 0 0 0.00211849 0 0 0 0 0 0 0 0 0 0 0.0184089 0.00518665 0 0 0.00511359 0.071152 0.0166557 0 0 0 0.00226459 0 0 0 0 0 0 0 0 0 0.000949668 0.034115 0.0503324 0 0 0.0143911 0.14581 0.0122726 0 0 0 0.00109577 0 0 0 0 0 0 0 0 0 0.0282709 0.0254219 0.0193586 0 0 0.2746 0.240047 
0.0281083 0.0140459 0 0 0 0.0102948 0.00467645 0.000396589 0 0 0 9.91473e-005 0 0 0 0 0.00333796 0.00199947 0 0 0.000165246 0.0371307 0.0331813 0.0320246 0 0 0.00385022 0.0247373 0 0 0 0 0 0 0 0 0 0.0135171 0.00530438 0 0 0.00153678 0.0450625 0.103791 0 0 0 0.00165246 0 0 0 0 0 0 0 0 0 0.000148721 0.035693 0.00375107 0 0 0.00560182 0.589894 
0.0184672 0.0157356 5.77101e-005 0 0 0.010407 0.00500154 0.000442444 0 0 9.61834e-005 0.000250077 0 0 0 0 0.00217375 0.00203909 0 0 3.84734e-005 0.033645 0.0317598 0.0296053 0 0 0.00384734 0.025604 0 0 0 0 0 0 0 0 3.84734e-005 0.0110803 0.00602108 1.92367e-005 0 0.00134657 0.0488035 0.104725 0 0 0 0.00153894 0 0 0 0 0 0 0 0 0 0.000134657 0.0403393 0.00492459 0 0 0.00563635 0.596222 
0.0331375 0.0143123 5.52598e-005 0 0 0.0107204 0.00410765 0.000534178 0 0 0 0.000257879 0 0 0 0 0.00401555 0.00186041 0 0 0.00011052 0.0354768 0.0347584 0.0269115 0 0 0.00401555 0.0286983 0 0 0 0 0 0 0 0 1.84199e-005 0.013686 0.00548914 0 0 0.00189725 0.0484629 0.104331 0 0 1.84199e-005 0.00171305 0 0 0 0 0 0 0 0 0 0.000202619 0.0351637 0.00403397 0 0 0.00501022 0.581002 
0.0308278 0.0152358 0 0 0 0.00922022 0.00382302 0.000618429 0 0 3.74806e-005 0.000168663 0 0 0 0 0.00399168 0.00204269 0 0 0.000281104 0.0357002 0.0378366 0.0330766 0 0 0.00389798 0.0227132 0 0 0 0 0 0 0 0 0 0.0134368 0.0056783 0 0 0.00168663 0.049568 0.105751 0 0 0 0.00161166 0 0 0 0 0 0 0 0 0 9.37014e-005 0.0347445 0.00487247 0 0 0.00416034 0.578925 
0.103396 0.0232294 0.0232294 0.000252493 0 0.00429239 0.00227244 0.000252493 0 0 0 0 0 0 0 0 0.0454488 0.00833228 0 0 0.000883727 0.0651433 0.0540336 0.000631233 0 0 0.00479737 0.00277743 0 0 0 0 0 0 0 0 0.0258806 0.0232294 0.00908976 0 0 0.00151496 0.0814291 0.13117 0 0 0 0.00113622 0 0 0 0 0 0 0 0 0 0 0.0130034 0.00618609 0 0 0.00454488 0.363843 
0.0295448 0.0150079 6.14238e-005 0 0 0.0102168 0.00427919 0.000900882 0 0 0 0.000122848 0 0 0 0 0.00397207 0.00174034 0 0 0.000409492 0.0366086 0.0365267 0.0322065 0 0 0.00423824 0.024979 0 0 0 0 0 0 0 0 6.14238e-005 0.013677 0.00563052 0 0 0.00176082 0.0495895 0.100305 0 0 0 0.00151512 0 0 0 0 0 0 0 0 0 0.000307119 0.0366291 0.00425872 0 0 0.00472963 0.580721 
0.0338319 0.0146448 5.8736e-005 0 0 0.00990681 0.00424857 0.000861461 0 0 0 0.000117472 0 0 0 0 0.00424857 0.00164461 0 0 0.000391573 0.0362401 0.0364946 0.0323244 0 0 0.00426815 0.0259417 0 0 0 0 0 0 0 0 0.000176208 0.0140966 0.0055995 0 0 0.00162503 0.0487117 0.101946 0 0 0 0.00148798 0 0 0 0 0 0 0 0 0 0.00029368 0.0351046 0.00422899 0 0 0.00475762 0.576748 
0.0315783 0.0144925 5.72071e-005 0 0 0.00974428 0.00429054 0.000953452 0 0 0 0.000114414 0 0 0 0 0.00398543 0.00162087 0 0 0.000381381 0.0362121 0.037547 0.0348392 0 0 0.00429054 0.0278027 0 0 0 0 0 0 0 0 0.000133483 0.0133293 0.00549189 0 0 0.00158273 0.0477298 0.10303 0 0 0 0.00163994 0 0 0 0 0 0 0 0 0 0.000286036 0.0340764 0.0040045 0 0 0.00484354 0.575943 
0.0273438 0.0146684 5.97895e-005 0 0 0.0102439 0.00422513 0.000856983 0 0 0 9.96492e-005 0 0 0 0 0.0042052 0.00169404 0 0 0.000338807 0.0356545 0.0327647 0.0268256 0 0 0.00448422 0.0303332 0 0 0 0 0 0 0 0 5.97895e-005 0.012775 0.00542092 0 0 0.00185348 0.0493862 0.105329 0 0 0 0.00161432 0 0 0 0 0 0 0 0 0 0.000279018 0.0359136 0.00404576 0 0 0.00492267 0.584602 
0.0285827 0.0144593 5.92593e-005 0 0 0.00979753 0.00420741 0.000849383 0 0 0 0.000118519 0 0 0 0 0.00389136 0.00163951 0 0 0.000375309 0.0356543 0.0335605 0.0304593 0 0 0.00414815 0.0288 0 0 0 0 0 0 0 0 7.90123e-005 0.0128988 0.00564938 0 0 0.00161975 0.0474864 0.104277 0 0 0 0.00165926 0 0 0 0 0 0 0 0 0 0.000316049 0.0355951 0.00391111 0 0 0.00485926 0.585047 
0.0253926 0.0162397 4.13223e-005 0 0 0.0104959 0.00502066 0.000392562 0 0 0 0.000227273 0 0 0 0 0.00274793 0.00128099 0 0 0.000247934 0.0313017 0.0302479 0.0218595 0 0 0.00442149 0.0286364 0 0 0 0 0 0 0 0 8.26446e-005 0.0110744 0.0046281 0 0 0.00152893 0.0533264 0.110475 0 0 0 0.0017562 0 0 0 0 0 0 0 0 0 0.00018595 0.0374793 0.00431818 0 0 0.0046281 0.591963 
0.0355046 0.013284 0.000260107 0 0 0.00380871 0.00228523 0.000111474 0 0 0 0 0 0 0 0 0.0016907 0.00118906 0 0 0.000278686 0.0248402 0.0508881 0.0295221 0 0 0.00228523 0.0253976 0 0 0 0 0 0 0 0 0.000353002 0.0143802 0.00577809 3.71581e-005 0 0.0019508 0.0462247 0.0965926 0 0 0 0.00111474 0 0 0 0 0 1.85791e-005 0 0 0 0.000371581 0.0286304 0.00481198 0 0 0.00776605 0.600624 
0.00144175 0.0243176 0 0 0 0.00749712 0.00182622 0 0 0 0 0 0 0 0 0 0 0.00240292 0 0 0.000192234 0.0568051 0.0314302 0 0 0 0.0056709 0.000961169 0 0 0 0 0 0 0 0 0 0.0149942 0.0145136 0 0 0.00192234 0.109765 0.137159 0 0 0 0.00653595 0 0 0 0 0 0 0 0 0 0 0.0753556 0.00547866 0 0 0.00480584 0.496924 
0.000416667 0.0207639 0 0 0 0.011875 0.00618056 0.000416667 0 0 0 0 0 0 0 0 6.94444e-005 0.00270833 0 0 0 0.0563194 0.0456944 6.94444e-005 0 0 0.00861111 0.00215278 0 0 0 0 0 0 6.94444e-005 0 0 0.00763889 0.0125 0.000277778 0 0.00152778 0.0952083 0.12625 0 0 0 0.01375 0 0 0 0 0 0 0.000138889 0.00215278 0 0.000138889 0.070625 0.0213194 0 0 0.00347222 0.489653 
0.00145748 0.0261488 0 0 0 0.00677298 0.00265775 0 0 0 0 0 0 0 0 0 0.00685871 0.00420096 0 0 0.000685871 0.0542695 0.0392661 0.000171468 0 0 0.00857339 0.00840192 0 0 0 0 0 0 0 0 0 0.00771605 0.0129458 0 0 0.00171468 0.107939 0.167353 0 0 0 0.00960219 0 0 0 0 0 0 0 0 0 8.57339e-005 0.0675583 0.00797325 0 0 0.00394376 0.453704 
0 0.0100151 6.29882e-005 0 0 0.0150542 0.0141723 0.000566893 0 0 0 0 0 0 0 0 6.29882e-005 0.000440917 0 0 0 0.0485009 0.0393676 0.000377929 0 0 0.0132905 0.0132905 0 0 0 0 0 0 0 0 0 0.00547997 0.00667674 0 0 0.00151172 0.095994 0.183422 0 0 0 0.0348954 0 0 0 0 0 0 0 0 0 0 0.0544848 0.00907029 0 0 0.00188964 0.451373 
0.000260146 0.021462 0 0 0 0.00975546 0.0083897 0.00188606 0 0 0 0 0 0 0 0 0.000325182 0.00188606 0 0 0 0.0386316 0.0381764 0 0 0 0.00773933 0.00188606 0 0 0 0 0 0 0 0 0 0.00650364 0.00721904 0 0 0.00162591 0.0998309 0.135406 0 0 0 0.0117716 0 0 0 0 0 0 0 0 0 6.50364e-005 0.0559964 0.00728408 0 0 0.00344693 0.540453 
8.11622e-005 0.0185862 0 0 0 0.0073046 0.00324649 0 0 0 0 0 0 0 0 0 0 0.00348998 0 0 0 0.0733707 0.0549468 0 0 0 0.00876552 0.000243487 0 0 0 0 0 0 0 0 0 0.0142846 0.0131483 0 0 0.00211022 0.106566 0.157374 0 0 0 0.014528 0 0 0 0 0 0 0 0 0 0 0.0579498 0.00852204 0 0 0.0043016 0.451181 
0.000295858 0.0105325 0.00207101 0 0 0.0128402 0.0166272 0.00112426 0 0 0.000118343 0.00213018 0 0 0 0 0.000177515 0.000710059 0 0 0 0.0342012 0.0300592 0 0 0 0.0118935 0.00414201 0 0 0 0 0 0 0 0 0 0.00384615 0.00331361 0 0 0.000946746 0.0872189 0.139408 0 0 0 0.0253254 0 0 0 0 0 0 0 0 0 0 0.0511834 0.0111243 0 0 0.00289941 0.547811 
0.000318878 0.0192124 0 0 0 0.00837054 0.00334821 0 0 0 0 0 0 0 0 0 0.000239158 0.00302934 0 0 7.97194e-005 0.0726244 0.0580357 0 0 0 0.00813138 0.000637755 0 0 0 0 0 0 0 0 0 0.0146684 0.0128348 0 0 0.00255102 0.104831 0.157366 0 0 0 0.0148278 0 0 0 0 0 0 0 0 0 0 0.0570791 0.00637755 0 0 0.00518176 0.450255 
0.000300463 0.00937444 0.000781203 0 0 0.0114777 0.0144222 0.00216333 0 0 0.000180278 0.00168259 0 0 0 0 0 0.000661018 0 0 0 0.0313082 0.0320293 0 0 0 0.0135208 0.00378583 0 0 0 0 0 0 0 0 0 0.00312481 0.00222342 0 0 0.00126194 0.0911604 0.148489 0 0 0 0.0203714 0 0 0 0 0 0 0 0 0 6.00925e-005 0.051319 0.00769185 0 0 0.003245 0.549366 
0.00943533 0.0140804 0 0 0 0.0031935 0.0354188 0.0312092 0 0 0 0.0220642 0 0 0 0 0.00101611 0.00116127 0 0 0 0.0230803 0.0460154 0.0049354 0 0 0.010016 0.0126288 0 0 0 0 0 0 0 0 0 0.00740311 0.0143707 0 0 0.00261286 0.100885 0.110176 0 0 0 0.0216287 0 0 0 0 0 0 0 0 0 0.000725795 0.0188707 0.00798374 0 0 0.00638699 0.494702 
0.00899986 0.0139353 0.000145159 0 0 0.00420961 0.0291769 0.0444186 0 0 0 0.0293221 0 0 0 0 0.000290318 0.000870954 0 0 0 0.0209029 0.046596 0.00958049 0 0 0.00987081 0.0233706 0 0 0 0.00275802 0 0 0 0 0 0.00914501 0.00798374 0 0 0.00333866 0.0870954 0.111918 0 0 0 0.0223545 0 0 0 0 0 0 0 0 0 0.000435477 0.0220642 0.00595152 0 0 0.00595152 0.479315 
0.000141723 0.0042517 0 0 0 0.00439342 0.0018424 0 0 0 0.000566893 0.00921202 0 0 0 0.00141723 0.000141723 0.00085034 0 0 0.000141723 0.0232426 0.0216837 0 0 0 0.014881 0.0127551 0 0 0 0.010771 0 0 0 0 0.000283447 0.00453515 0.00510204 0 0.00042517 0.00524376 0.111395 0.113095 0 0 0.00212585 0.0246599 0 0 0 0 0 0 0 0 0.000283447 0.000708617 0.0218254 0.00595238 0.0381236 0.0245181 0.024093 0.511338 
0.000141723 0.00410998 0 0 0 0.00382653 0.00127551 0.00325964 0 0 0 0.00198413 0 0 0 0 0.000141723 0.000283447 0 0 0.000141723 0.0252268 0.0260771 0.0119048 0 0.00226757 0.0153061 0.0269274 0 0 0 0 0 0 0 0 0 0.00283447 0.00680272 0 0.00283447 0.00637755 0.111961 0.111111 0 0.00566893 0.00396825 0.0113379 0 0 0 0 0 0 0 0 0.000708617 0.000708617 0.0263605 0.0085034 0.00892857 0.0141723 0.0194161 0.535431 
0 0.000141723 0 0 0 0.0024093 0.006661 0.000708617 0 0 0 0.00085034 0 0 0 0 0 0 0 0 0 0.0232426 0.0287698 0.00198413 0 0 0.0168651 0.107851 0 0 0 0 0 0 0 0 0 0.00085034 0.00566893 0 0.00524376 0.00396825 0.0963719 0.111536 0.0018424 0.000283447 0.000283447 0.0119048 0 0 0 0 0 0 0 0 0 0.000141723 0.0205499 0.0103458 0.00198413 0.00042517 0.00368481 0.535431 
0.00391929 0.00624183 0 0 0 0.00508056 0.0108869 0.00682247 0 0 0 0.00159675 0 0 0 0 0.000435477 0.00145159 0 0 0 0.0261286 0.0463057 0.0216287 0 0 0.0152417 0.0323704 0 0 0 0 0 0 0 0 0 0.0049354 0.00827406 0 0 0.00348381 0.117724 0.120772 0 0.000145159 0.000580636 0.0130643 0 0 0 0 0 0 0 0 0 0.000725795 0.0222093 0.00638699 0.0142256 0.0049354 0.00377413 0.500653 
0.00754827 0.0140804 0 0 0 0.00464509 0.031935 0.0404993 0 0 0.000145159 0.0201771 0 0 0 0 0.000870954 0.00203223 0 0 0.000145159 0.0243867 0.0481928 0.00435477 0 0 0.00798374 0.0325156 0 0 0 0 0 0 0 0 0 0.00870954 0.00899986 0 0 0.0024677 0.0946436 0.103063 0 0 0 0.0230803 0 0 0 0 0 0 0 0 0 0.000725795 0.0187255 0.00841922 0 0 0.00696763 0.484686 
0.00378685 0.0113832 0 0 0 0.00426304 0.00346939 0.00031746 0 0 6.80272e-005 0 0 0 0 0 0.00589569 0.000453515 0 0 6.80272e-005 0.00981859 0.0131746 0.00165533 0 0 0.00276644 0.00385488 0 0 0 0 0.0015873 0.000612245 0 0 0 0.00471655 0.00244898 0.00047619 0 0.000204082 0.0381633 0.186599 0 0 0 0.00346939 0.000748299 0.0024263 0 0 0 0.00512472 0.00111111 0.000816327 0 0.000136054 0.0503175 0.0504082 0 0 0.00843537 0.581225 
0.00393206 0.0154948 0.000161591 0 0 0.00477593 0.00457843 0.000448865 0 0 7.18184e-005 5.38638e-005 0 0 0 0 0.000269319 0.000197501 0 0 0.000269319 0.0116525 0.0123169 0.00330365 0 0 0.0027291 0.00685866 0 0 0 0 0 0 0 0 0 0.00143637 0.00158001 0.00549411 0 0.00046682 0.0309358 0.190768 0 0 0 0.0133403 0 0 0 0 0 0 0.000269319 0.00256751 0 0.000143637 0.0564313 0.0588373 0 0 0.00540434 0.565211 
0.00951183 0.0181213 0.000147929 0 0 0.00560651 0.0054142 0.000710059 0 0 0.000369822 0.000399408 0 0 0 0 0.00588757 0.00102071 0 0 0.000192308 0.00970414 0.020932 0.0169675 0 0 0.00349112 0.0449704 0 0 0 0.00010355 1.47929e-005 2.95858e-005 0 0 0 0.00116864 0.00181953 0.00346154 0 0.000207101 0.032071 0.174911 0 0 1.47929e-005 0.00710059 0 0 0 0 0 1.47929e-005 8.87574e-005 1.47929e-005 0 5.91716e-005 0.0418047 0.034497 0 0 0.00828402 0.550888 
0.000896562 0.0156586 0 0 0 0.00500407 0.00531682 0.00077146 0 0 6.25508e-005 0 0 0 0 0 0 0.000500407 0 0 0 0.0126978 0.0158462 0.00116762 0 0 0.00312754 0.0037322 0 0 0 0 0 0 0 0 0 0.00129272 0.00246033 0 0 0.000417005 0.0387815 0.155501 0 0 0 0.00727675 0 0 0 0 0 0 0.000500407 0 0 0.000500407 0.0693897 0.0142616 0 0 0.0281479 0.616689 
0.00580262 0.0122711 4.75624e-005 0 0 0.00737218 0.00237812 0 0 0 0 0 0 0 0 0 0.0199762 0.00223543 0 0 0.000856124 0.0293936 0.0253983 0.00409037 0 0 0.00466112 0.00718193 0 0 0 0 0 0 0 0 0 0.0019025 0.00337693 0.000142687 0 0.00123662 0.073151 0.12975 0 0 0 0.00290131 0 0 0 0 0 0 0 0 0 9.51249e-005 0.0337693 0.00737218 0 0 0.00756243 0.617075 
0.0070922 0.0126251 0 0 0 0.00774609 0.00165988 0 0 0 0 0 0 0 0 0 0.0201197 0.00160958 0 0 0.000502993 0.0366682 0.021176 0.00457723 0 0 0.00326945 0.00865148 0 0 0 0 0 0 0 0 0 0.00337005 0.00653891 0.000301796 0 0.00070419 0.0743423 0.108043 0 0 0 0.00236407 0 0 0 0 0 0 0 0 0 5.02993e-005 0.0271113 0.0070922 0 0 0.00613651 0.638248 
0.0045968 0.0146217 0.000146706 0 0 0.00630838 0.00298303 0 0 0 0 0 0 0 0 0 0.0110519 0.00591716 0.000440119 0 0.000195609 0.040491 0.0243044 0.0108563 0 0 0.00298303 0.00846007 0 0 0 0 0 0.000146706 0.00102695 0 0 0.00268962 0.00973153 0.00166267 0 0.00166267 0.0697345 0.088464 0 0 0 0.00254291 0 0 0 0 0 0 0.000537924 0.00264072 0 4.89021e-005 0.0404421 0.0428872 0 0 0.00728642 0.595139 
0.0201446 0.0272469 0.00451963 0 0 0.00865186 0.0393853 0.0235021 0 0 0 0 0 0 0 0 0.000387397 0.00284091 0 0 0.000129132 0.0358988 0.024406 0.00116219 0 0 0.00736054 0.00374483 0 0 0 0 0 0 0 0 0 0.00516529 0.00671488 0 0 0.00154959 0.102402 0.0929752 0 0 0 0.0040031 0 0 0 0 0 0 0 0 0 0 0.0211777 0.00774793 0 0 0.00348657 0.555398 
0 0.00401782 0 0 0 0.00759734 0.00569801 0.000219154 0 0 0 0.000146103 0 0 0 0 0 0 0 0 0 0.0124187 0.0175323 0 0 0 0.00708598 0.00146103 0 0 0 0 0 0 0 0 0 0.000292205 0.00343341 0 0 0 0.0961356 0.109285 0 0 0 0.0100811 0 0 0 0 0 0 0 0 0 0 0.0277595 0.00788955 0 0 0.00372562 0.685222 
0 0.00493382 0 0 0 0.0079881 0.00767484 0.000156629 0 0 0 0 0 0 0 0 0 0 0 0 0 0.0132352 0.0216932 0 0 0 0.0085363 0.00172292 0 0 0 0 0 0 0 0 0 0.000391573 0.00289764 0 0 0 0.092098 0.113478 0 0 7.83147e-005 0.00877124 0 0 0 0 0 0 0 0 0 0 0.0298379 0.0058736 0 0 0.00462057 0.676012 
0 0.00316001 0 0 0 0.00667912 0.00560184 0.000143637 0 0 0 0 0 0 0 0 0 0 0 0 0 0.0119219 0.0186728 0.000143637 0 0 0.00646366 0.00143637 0 0 0 0 0 0 0 0 0 0.000287274 0.00215455 0 0 0 0.0939385 0.107799 0 0 0 0.00897731 0 0 0 0 0 0 0 0 0 0 0.0291583 0.00883367 0 0 0.00316001 0.691468 
0 0.00364204 0 0 0 0.00741415 0.0050078 0.000130073 0 0 0 0 0 0 0 0 0 0 0 0 0 0.0104709 0.0183403 6.50364e-005 0 0 0.00715401 0.00149584 0 0 0 0 0 0 0 0 0 0.000520291 0.00299168 0 0 6.50364e-005 0.0932622 0.104904 0 0 6.50364e-005 0.00858481 0 0 0 0 0 0 0 0 0 0 0.0269901 0.00598335 0 0 0.00507284 0.697841 
0 0.00365257 0 0 0 0.00730514 0.00620937 0.000219154 0 0 0 0 0 0 0 0 0 7.30514e-005 0 0 0 0.0121265 0.019943 0.000146103 0 0 0.00679378 0.00204544 0 0 0 0 0 0 0 0 0 0.000365257 0.00314121 0 0 7.30514e-005 0.0928483 0.107385 0 0 0 0.0111769 0 0 0 0 0 0 0 0 0 0 0.0280517 0.00708598 0 0 0.00569801 0.68566 
0 0.00251173 0 0 0 0.00680812 0.00502347 0 0 0 0 0 0 0 0 0 0 0 0 0 0 0.0109723 0.0159297 0.000132196 0 0 0.00561835 0.00132196 0 0 0 0 0 0 0 0 0 0.000264393 0.00211514 0 0 6.60982e-005 0.0936612 0.108533 0 0 6.60982e-005 0.00971644 0 0 0 0 0 0 0 0 0 0 0.02558 0.00793179 0 0 0.0037676 0.69998 
0.0017357 0.0192242 0.00996713 0 0 0.00973044 0.00799474 0.000920447 0 0 2.62985e-005 7.88955e-005 0 0 0 0 0.000131492 0.000499671 0 0 0 0.0246154 0.0421828 0.00210388 0 0 0.00420776 0.0199869 0 0 0 0 0 0 0 0 0 0.00857331 0.00920447 0.0016568 0 0.00202498 0.069954 0.112847 0 0 5.2597e-005 0.00307692 0 0 0 0 0 0 0 0 0 7.88955e-005 0.0453386 0.0106509 0 0 0.0051808 0.587955 
0.0353822 0.0231147 0.00103306 0 0 0.00594008 0.00736054 0.00129132 0 0 0 0 0 0 0 0 0.0142045 0.00606922 0 0 0.0043905 0.0659866 0.05953 0.00103306 0 0.00103306 0.00387397 0.00258264 0 0 0 0 0 0 0 0 0 0.0173037 0.0112345 0 0 0.00723141 0.110795 0.136493 0 0 0 0.00284091 0 0 0 0 0 0 0 0 0 0.000129132 0.0214359 0.00839359 0 0 0.00271178 0.448605 
0.038884 0.0225982 0.000883727 0 0 0.00580735 0.00744855 0.00126247 0 0 0 0 0 0 0 0 0.0147709 0.00593359 0 0 0.00492362 0.0653958 0.0581997 0.000883727 0 0.00100997 0.0037874 0.00277743 0 0 0 0 0 0 0 0 0 0.0186845 0.0109835 0 0 0.00871102 0.11135 0.132938 0 0 0 0.00290367 0 0 0 0 0 0 0 0 0 0 0.0213357 0.00807979 0 0 0.00265118 0.447797 
0.0392627 0.0237344 0.0018937 0 0 0.0056811 0.00845853 0.00315617 0 0 0 0 0 0 0 0 0.0147709 0.00593359 0 0 0.00492362 0.0645121 0.0590835 0.00113622 0 0.00100997 0.00366115 0.00265118 0 0 0 0 0 0 0 0 0 0.0186845 0.0113622 0 0 0.00820604 0.111223 0.134453 0 0 0 0.00252493 0 0 0 0 0 0 0 0 0 0 0.0213357 0.00845853 0 0 0.00265118 0.441232 
0.0755814 0.0282585 0.00365062 0.000270416 0.000676041 0.0048675 0.00703083 0.00189292 0 0 0 0 0 0 0 0 0.0208221 0.00892374 0 0 0.00270416 0.0719308 0.0589508 0.00121687 0 0.00432666 0.00446187 0.00419145 0 0 0 0 0 0 0 0 0.00121687 0.0297458 0.0120335 0 0 0.00459708 0.100865 0.131287 0 0 0.000135208 0.00297458 0 0 0 0 0 0 0 0 0 0.000135208 0.0281233 0.00757166 0 0 0.00283937 0.378718 
0.1338 0.0107 0 0 0 0.0104 0.0019 0 0 0 0 0 0 0 0 0 0.0242 0.0028 0 0 0.0006 0.0359 0.029 0 0 0 0.0034 0.0007 0 0 0 0 0 0 0 0 0 0.0153 0.0093 0 0 0.0026 0.1061 0.1426 0 0 0 0.0029 0 0 0 0 0 0 0 0 0 0.0002 0.03 0.0099 0 0 0.0055 0.4222 
0.136187 0.0119268 0 0 0 0.0098003 0.00240385 0 0 0 0 0 0 0 0 0 0.0173817 0.00203402 0 0 0.000554734 0.0363351 0.0317123 0 0 0 0.00342086 0.000277367 0 0 0 0 0 0 0 0 0 0.0180288 0.0098003 0 0 0.00360577 0.0989275 0.138683 0 0 0 0.00369822 0 0 0 0 0 0 0 0 0 0.000554734 0.0286612 0.00841346 0 0 0.00490015 0.432692 
0.13876 0.01 0 0 0 0.00867769 0.00198347 0 0 0 0 0 0 0 0 0 0.0223967 0.0014876 0 0 0.000826446 0.0380992 0.0256198 0 0 0 0.00330579 0.000413223 0 0 0 0 0 0 0 0 0 0.0177686 0.0104132 0 0 0.00421488 0.104463 0.136529 0 0 0 0.00330579 0 0 0 0 0 0 0 0 0 0.000495868 0.0305785 0.0077686 0 0 0.00595041 0.426942 
0.125513 0.01118 0 0 0 0.0108306 0.00262032 0 0 0 0 0 0 0 0 0 0.0228841 0.00104813 0 0 0.000524063 0.0359857 0.0286488 0 0 0 0.00401782 0.000611407 0 0 0 0 0 0 0 0 0 0.019303 0.0105686 0 0 0.00349375 0.09931 0.142021 0 0 0 0.00340641 0 0 0 0 0 8.73439e-005 0 0 0 0.000262032 0.0275133 0.00960783 0 0 0.00559001 0.434972 
0.122685 0.0117455 0 0 0 0.00831619 0.00282922 0 0 0 0 0 0 0 0 0 0.0252915 0.00197188 0 0 0.000171468 0.0392661 0.0245199 0 0 0 0.00351509 0.000514403 0 0 0 0 0 0 0 0 0 0.0128601 0.0116598 0 0 0.00240055 0.10168 0.142318 0 0 0 0.00351509 0 0 0 0 0 0 0 0 0 8.57339e-005 0.0279492 0.00951646 0 0 0.0053155 0.441872 
0.0520532 0.0182421 0.00227717 0.000148511 0.00039603 0.0108661 0.00888592 0.00180689 0 0 4.95037e-005 0 0 0 0 0 0.00123759 0.000990074 0 0 0.000940571 0.0293557 0.0423752 0.0261132 0 0 0.00405931 0.0347516 0 0 0 0 0 0 0 0 0 0.00450484 0.00532165 0 0 0.0020049 0.0567808 0.138586 0 0 0 0.0020049 0 0 0 0 0 0 0 0 0 0.000198015 0.0247024 0.00398505 0 0 0.003292 0.524071 
0.0489634 0.0180804 0.0013636 5.05038e-005 0.000126259 0.0103533 0.0073988 0.00166662 0 0 5.05038e-005 0 0 0 0 0 0.00093432 0.00116159 0 0 0.00053029 0.0292164 0.0434837 0.0325244 0 0 0.00373728 0.0361355 0 0 0 0 0 0 0 0 0 0.00487361 0.00517664 0 0 0.00196965 0.0555036 0.132623 0 0 2.52519e-005 0.00212116 0 0 0 0 0 0 0 0 0 0.000227267 0.0253024 0.0039898 0 0 0.00351001 0.528901 
0.055716 0.017933 0.00363998 0.000388265 0.000970662 0.0101677 0.00851756 0.00206266 0 0 4.85331e-005 0 0 0 0 0 0.00235385 0.00121333 0 0 0.00152879 0.0291441 0.0419811 0.0314252 0 0 0.00383411 0.0370793 0 0 0 0 0 0 0 0 2.42665e-005 0.00473198 0.00519304 0 0 0.00215972 0.0544299 0.129171 0 0 0 0.00215972 0 0 0 0 0 0 0 0 0 0.000291199 0.024218 0.00393118 0 0 0.00337305 0.522313 
0.00127009 0.0228615 0.0162453 8.86106e-005 5.90737e-005 0.00286508 0.00357396 5.90737e-005 0 0 0 0 0 0 0 0 0.000354442 0.00121101 0 0 0.000147684 0.0177812 0.0573015 0.0255198 0 5.90737e-005 0.00404655 0.0652765 0 0 0 0 0 0 0 0 2.95369e-005 0.00779773 0.00558247 0 0 0.0022448 0.0525165 0.120481 0 0 0 0.0011224 0 0 0 0 0 5.90737e-005 0 0 0 0.000590737 0.0255494 0.00596645 0 0 0.00626181 0.553078 
0.0833581 0.00743605 0.00208209 0.000632064 0.00609756 0.00464753 0.00107823 0.000297442 0 0 0 0 0 0 0 0 0.0244274 0.00189619 7.43605e-005 0 0.013608 0.0402662 0.0336481 0.00438727 0.000334622 0.000408983 0.00368084 0.0181811 0 0 0 0 0 0 0 0 0.000223082 0.00669244 0.00732451 0.000371803 0 0.0024539 0.0516434 0.175565 0 0 3.71802e-005 0.00148721 0 0 0 0 0 0 0 0 0 0.000223082 0.0255428 0.00256544 0 0 0.00598602 0.473342 
0.123769 0.0132859 0 0 0.00495309 0.00425383 0.00145679 0.000291358 0 0 0 0 0 0 0 0 0.0167822 0.00256395 0 0 0.00909038 0.0325156 0.0347299 0.00116543 0 5.82717e-005 0.00489482 0.0185304 0 0 0 0 0 0 0 0 0.0134025 0.00594371 0.00606025 5.82717e-005 0 0.00116543 0.0532603 0.22487 0 0 0 0.00273877 0 0 0 0 0 0 0 0 0 0 0.00914865 0.00180642 0 0 0.00600198 0.407202 
0.00423106 0.0125856 0 0 0 0.00917925 0.00276095 7.17129e-005 0 0 0 0 0 0 0 0 0.0932626 0.0016494 0 0 0.00390835 0.0228047 0.0239521 0 0 0 0.00878483 0.00114741 0 0 0 0 0 0 0 0 0 0.00616731 0.00684858 0 0 0.00154183 0.0677687 0.129944 0 0 0 0.00383664 0 0 0 0 0 0 0 0 0 0.000286851 0.0584818 0.00455377 0 0 0.00512747 0.531105 
0.00439446 0.0122837 0 0 0 0.00861592 0.00287197 0 0 0 0 0 0 0 0 0 0.0855363 0.00138408 0 0 0.00418685 0.0245329 0.0243945 0 0 0 0.00868512 0.000899654 0 0 0 0 0 0 0 0 0 0.00730104 0.00543253 0 0 0.00186851 0.0645675 0.135744 0 0 0 0.00363322 0 0 0 0 0 0 0 0 0 0.000449827 0.0583391 0.00453287 0 0 0.00435986 0.535986 
0.00490869 0.0118627 0 0 0 0.00733382 0.002542 0 0 0 0 0 0 0 0 0 0.10504 0.00160701 0 0 0.00669102 0.0229657 0.0246603 0 0 0 0.012973 0.000847334 0 0 0 0 0 0 0 0 0 0.00569759 0.00610665 0 0 0.00154858 0.0637253 0.131249 0 0 0 0.00362308 0 0 0 0 0 0 0 0 0 0.000379839 0.0511322 0.00403214 0 0 0.00371074 0.527363 
0.00108683 0.00833233 0 0 0 0.00310953 0.000905688 0 0 0 0 0 0 0 0 0 0 0.000150948 0 0 6.03792e-005 0.138782 0.0170269 3.01896e-005 0 0 0.00627944 0.00150948 0 0 0 0 0 0 0 0 0 0.0110796 0.00467939 0 0 0.00156986 0.0940104 0.127853 0 0 0 0.00446806 0 0 0 0 0 0 0 0 0 0.000120758 0.0875498 0.0141891 0 0 0.0104758 0.466731 
0 0.0104058 0.000390219 0 0 0.00455255 0.00975546 0 0 0 0 0 0 0 0 0 0 0 0 0 0 0.00169095 0.0135276 6.50364e-005 0 0 0.00585328 0.00364204 0 0 0 0 0 0 0 0 0 0 0.000260146 0 0 0 0.0225026 0.0635406 0 0 0 0.010796 0 0 0 0 0 0 0 0 0 0 0.00676379 0.0328434 0 0 0.016129 0.797282 
0 0.008704 0.000256 0 0 0.003712 0.010048 0 0 0 0 0 0 0 0 0 0 0 0 0 0 0.002176 0.012608 0.000128 0 0 0.005632 0.004608 0 0 0 0 0 0 0 0 0 0 0.000192 0 0 0 0.023552 0.06976 0 0 0 0.011392 0 0 0 0 0 0 0 0 0 0 0.006848 0.029504 0 0 0.013568 0.797312 
0 0.0078084 0.000466173 0 0 0.00285531 0.00827458 0 0 0 0 0 0 0 0 0 0 0 0 0 0 0.00180642 0.0106637 0 0 0 0.00512791 0.00565235 0 0 0 0 0 0 0 0 0 0 0.000174815 0 0 0.000291358 0.0231921 0.0675951 0 0 0.000174815 0.010722 0 0 0 0 0 0 0 0 0 0 0.0127032 0.0278539 0 0 0.0140435 0.800594 
0 0.00673869 0.000389842 0 0 0.00233905 0.00757407 0 0 0 0 0 0 0 0 0 0 0 0 0 0 0.00116953 0.011027 0.000389842 0.000222767 5.56917e-005 0.00473379 0.0060147 0 0 0 0 0 0 0 0 0.000111383 5.56917e-005 0.000389842 0 0.000445534 0.00161506 0.0246714 0.0671642 0 0.000167075 0.000167075 0.0100245 0 0 0 0 0 0 0 0 0 0.000612609 0.0228893 0.0272332 0 0 0.0136445 0.790154 
0 0.00609116 0.00047259 0 0 0.00215291 0.00651124 0 0 0 0 0 0 0 0 0 0.00068263 0 0 0 0.00131275 0.00068263 0.00966184 0.00120773 0.00026255 0.00031506 0.00435833 0.00619618 0 0 0 0 0 0 0 0 0.00031506 0.00021004 0.00031506 0 0.00126024 0.00194287 0.0268851 0.0716761 0 0 0.00094518 0.0101344 0 0 0 0 0 0 0 0 0 0.00068263 0.023682 0.0268326 0 0 0.0142827 0.780928 
0 0.00635161 0.000466173 0 0 0.00227259 0.00722569 0 0 0 0 0 0 0 0 0 0.000407902 0 0 0 0.000640988 0.000990618 0.0101975 0.00134025 0.000640988 0.000116543 0.00407902 0.0065847 0 0 0 0 0 0 0 0 0.00034963 5.82717e-005 0.000407902 0 0.0012237 0.00174815 0.0265136 0.0657887 0 0 0.000407902 0.0112464 0 0 0 0 0 0 0 0 0 0.000524445 0.0249985 0.0283783 0 0 0.0147427 0.782297 
0.000164609 0.00466392 0.000219479 0 0 0.00175583 0.00587106 0 0 0 0 0 0 0 0 0 0.00257888 0 0 0 0.00219479 0.000877915 0.00921811 0.000713306 0.000219479 0.000109739 0.0041701 0.0036214 0 0 0 0 0 0 0 0 0.000713306 5.48697e-005 0.000274348 0 0.00142661 0.00213992 0.0248011 0.0623868 0 0 0.000877915 0.00932785 0 0 0 0 0 0 0 0 0 0.0018107 0.0217833 0.0226612 0 5.48697e-005 0.0137174 0.801591 
0.000282662 0.00474871 0.000113065 0 0 0.00152637 0.0054271 0 0 0 0 0 0 0 0 0 0.00248742 0 0 0 0.00237436 0.000961049 0.00932783 0.000847985 0.000169597 0.000169597 0.00378766 0.003505 0 0 0 0 0 0 0 0 0.000621855 5.65323e-005 0.000339194 0 0.00113065 0.00248742 0.024422 0.06733 0 5.65323e-005 0.000847985 0.0089321 0 0 0 0 0 0 0 0 0 0.00169597 0.023687 0.027079 0 0 0.0117022 0.793883 
0.0537276 0.0161391 0 0 0 0.00093711 0 0 0 0 0 0 0 0 0 0 0.00114536 0.000832986 0 0 0 0.028738 0.0463349 0.0120783 0 0 0.00166597 0.0125989 0 0 0 0 0 0 0 0 0.000104123 0.00562266 0.00822574 0 0 0.00270721 0.0482091 0.158788 0 0 0 0.00093711 0 0 0 0 0 0 0 0 0 0.000208247 0.0142649 0.00333195 0 0 0.00780925 0.575594 
0.134272 0.00715605 0 0 0 0.00307787 0.00931056 0 0 0 0 0.000307787 0 0 0 0 0.0226993 0.00253924 0 0 0.00123115 0.0204678 0.0230071 0 0 0 0.00654047 0.00161588 0 0 0 0 0 0 0 0 0 0.00330871 0.00446291 0 0 0.00292398 0.10257 0.153432 0 0 0 0.00969529 0 0 0 0 0 0 0 0 0 7.69468e-005 0.0273161 0.00892582 0 0 0.00507849 0.449985 
0.120833 0.00625 0 0 0 0.0025 0.00847222 6.94444e-005 0 0 6.94444e-005 0 0 0 0 0 0.0204861 0.00180556 0 0 0.001875 0.023125 0.0227083 6.94444e-005 0 0 0.00708333 0.00166667 0 0 0 0 0 0 0 0 6.94444e-005 0.00368056 0.00472222 0 0 0.00138889 0.102639 0.14125 0 0 0 0.00993056 0 0 0 0 0 0 0 0 0 0.000277778 0.0275 0.00819444 0 0 0.00479167 0.478542 
0.119575 0.00624257 0.000148633 0 0 0.0036415 0.00876932 0 0 0 0.000148633 0.000371581 0 0 0 0 0.0225922 0.00133769 0 0 0.000966112 0.0237069 0.0242271 0 0 0 0.0059453 0.00170927 0 0 0 0 0 0 0 0 0 0.00379013 0.00423603 0 0 0.00185791 0.0941587 0.150045 0 0 0 0.00980975 0 0 0 0 0 0 0 0 0 0 0.0256391 0.00810048 0 0 0.00416171 0.47882 
0.127329 0.00496749 0 0 0 0.00423698 0.00840091 0 0 0 0.000146103 0.000292205 0 0 0 0 0.0252758 0.00277595 0 0 0.00204544 0.0251297 0.0219154 0 0 0 0.00737819 0.00189934 0 0 0 0 0 0 0 0 0 0.00387172 0.00511359 0 0 0.00168018 0.0944554 0.14603 0 0 0 0.00978888 0 0 0 0 0 0 0 0 0 0.000146103 0.02849 0.00737819 0 0 0.00569801 0.465556 
0.137559 0.00805956 0 0 0 0.00273205 0.00867427 0 0 0 0.000204904 0 0 0 0 0 0.0217881 0.00157093 0 0 0.00129773 0.022676 0.022676 0 0 0 0.00621542 0.00245885 0 0 0 0 0 0 0 0 0 0.00464449 0.00471279 0 0 0.00239055 0.0989686 0.14678 0 0 0 0.00771805 0 0 0 0 0 0 0 0 0 0.000273205 0.0280036 0.00833276 0 0 0.00464449 0.457619 
0.138012 0.00644801 0 0 0 0.00322401 0.00706801 0.000248 0 0 6.20001e-005 0.000186 0 0 0 0 0.020708 0.001922 0 0 0.000682001 0.022506 0.0217 0 0 0 0.00601401 0.001054 0 0 0 0 0 0 0 0 0 0.00527001 0.00421601 0 0 0.00272801 0.105586 0.141856 0 0 0 0.00725401 0 0 0 0 0 0 0 0 0 6.20001e-005 0.0343481 0.00868002 0 0 0.00452601 0.455639 
0.127503 0.00898936 0 0 0 0.00284222 0.00680812 0 0 0 0 0 0 0 0 0 0.0233327 0.00323881 0 0 0.00072708 0.0281578 0.0260427 0 0 0 0.00766739 0.00112367 0 0 0 0 0 0 0 0 0 0.00621323 0.00885716 0 0 0.00423029 0.10893 0.162205 0 0 0 0.00515566 0 0 0 0 0 0 0 0 0 0 0.029612 0.0109062 0 0 0.0037676 0.42369 
