0.214123 0 0 0 0.0373706 0.00370339 0 0 0 0 0 0 0 0 0 0 0.195691 0.00277754 0 0 0.0086693 0.0515108 0 0 0 0.00244087 0.000252504 0 0 0 0 0 8.4168e-005 0 0 0 0 0.0302163 0.00134669 0 0 0.00614426 0.0534467 0 0 0 0.000336672 0.000336672 0 0 0 0 0 0.000505008 8.4168e-005 0 0 0.00109418 0.0414948 0.000757512 0 0 0.0151502 0.332464 
0.0219186 0.000101008 0 0 0.00712103 0 0 0 0 0 0 0 0 0 0 0 0.0812101 0.00563117 0 0 0.0373223 0.286104 0.000479786 0 0.00219691 0.0224994 5.05038e-005 0 0 0 0 0 0 0 0 0 7.57557e-005 0.0370445 0.00080806 0 0.00053029 0.0355294 0.0653519 0.000227267 0 0.000631297 0.000984824 0.000277771 0 0 0 0 0 0 0 0 0 0.000176763 0.056337 0.000303023 0 0.00212116 0.013636 0.32133 
0.226388 0 0 0 0.00923405 0.000859933 0 0 0 0 0 0 0 0 0 0 0.174177 0.00284597 0 0 0.0163797 0.0492414 0 0 0.000348068 0.00331689 0.000143322 0 0 2.04746e-005 0 0 0.00053234 4.09492e-005 0 0 0.0014537 0.0275179 0.00075756 0 0.00118753 0.0078213 0.0217645 6.14238e-005 4.09492e-005 0.000245695 0.00399255 0.000245695 0 0 0 0 0 0.00298929 0.000245695 0 0 0.0051596 0.0537868 0.00350116 0.000122848 0.00198604 0.0105649 0.373027 
0.077 0.0001 0 0 0.0099 0.0057 0 0 0 0.0008 0.0004 0 0 0 0 0 0.0777 0.0066 0 0 0.0501 0.2242 0.0003 0 0.0131 0.0307 0.0088 0 0.0001 0.0002 0 0 0.0014 0 0 0 0.0056 0.0523 0.0015 0 0.0061 0.0232 0.0461 0.0007 0.0043 0.0099 0.0062 0.0122 0 0 0 0 0.0033 0.0235 0 0 0 0.0316 0.0294 0.0009 0 0.0024 0.0117 0.222 
0.0551749 0.00047259 0 0 0.00874291 0.00661626 0 0 0 0.000708885 0 0 0 0 0 0 0.0676985 0.00437146 0 0 0.0543478 0.209712 0.000236295 0 0.0133507 0.0285917 0.00555293 0 0 0 0.000118147 0 0.000236295 0.000118147 0 0 0.00496219 0.0525756 0.00685255 0 0.00519849 0.0310728 0.0549386 0.00106333 0.00413516 0.0172495 0.00827032 0.0092155 0 0 0 0 0.00094518 0.0263469 0.000354442 0 0 0.0284735 0.0378072 0.0134688 0 0.00153592 0.0118147 0.22767 
0.113328 0.0019736 0 0 0.00671023 0.00039472 0 0 0.000175431 0 0 0 0 0 0 0 0.103066 0.00907855 0 0 0.0119293 0.223938 0 0 0.00096487 0.000350862 0 0 0 0 0 0 0 0 0 0 4.38577e-005 0.0219289 0.000307004 0 0.000921012 0.00978027 0.0292092 0 0 0.000219289 0.000175431 0 0 0 0 0 0 0 0 0 0 0.0112276 0.0329372 4.38577e-005 0 0.00206131 0.0346476 0.384588 
0.0927367 0.00104058 0 0 0.00661811 0.000915713 0 0 0.00012487 0 0 0 0 0 0 0 0.103184 0.00932362 0 0 0.0126951 0.261935 0 0 0.000957336 0.000208117 0 0 0 0 0 0 0 0 0 0 8.32466e-005 0.0251821 0.000457856 0 0.000915713 0.00824142 0.0322997 0 4.16233e-005 0.00012487 4.16233e-005 0 0 0 0 0 0 0 0 0 0 0.0102393 0.0347138 0.000208117 0 0.00212279 0.0296774 0.365911 
0.0986222 0.000622222 0 0 0.00711111 0.000311111 0 0 0.000222222 0 0 0 0 0 0 0 0.102044 0.00982222 0 0 0.0123556 0.236489 0 0 0.00102222 0.000311111 0 0 0 0 0 0 0 0 0 0 4.44444e-005 0.0202667 0.000266667 0 0.00102222 0.0088 0.0311556 0 0 0.000177778 8.88889e-005 0 0 0 0 0 0 0 0 0 0 0.012 0.0302667 8.88889e-005 0 0.00222222 0.0348889 0.389778 
0.101333 0.00111111 0 0 0.00724444 0.000755556 0 0 4.44444e-005 0 0 0 0 0 0 0 0.104222 0.0127111 0 0 0.0111111 0.227156 0 0 0.00115556 0.000266667 0 0 0 0 0 0 0 0 0 0 0 0.0204 0.000266667 0 0.000977778 0.00977778 0.0293333 0 0 0.000355556 0.000177778 0 0 0 0 0 0 0 0 0 0 0.0114222 0.0311111 0.000133333 0 0.00208889 0.0334222 0.393422 
0.0946157 0.00251039 0 0 0.00653566 0.000519391 0 0 8.65651e-005 0 0 0 0 0 0 0 0.103532 0.0130713 0 0 0.0125519 0.241127 0 0 0.000822368 0.000216413 0 0 0 0 0 0 0 0 0 0 0 0.0222039 0.000432825 0 0.000952216 0.00813712 0.0325052 0 4.32825e-005 0.00017313 4.32825e-005 0 0 0 0 0 0 0 0 0 0 0.0112535 0.0324186 8.65651e-005 0 0.00203428 0.0302545 0.383873 
0.0939111 0.00186667 0 0 0.00715556 0.000977778 0 0 0 0 0 0 0 0 0 0 0.103733 0.00995556 0 0 0.012 0.235022 0 0 0.00124444 0.0004 0 0 0 0 0 0 0 0 0 0 0 0.0204444 0.000222222 0 0.000977778 0.00862222 0.0316444 0 0 0.000355556 0.000133333 0 0 0 0 0 0 0 0 0 0 0.0115556 0.0326667 0.000177778 0 0.00204444 0.0303111 0.394578 
0.093439 0 0 0 0.00653567 0 0 0 0 0 0 0 0 0 0 0 0.109926 0.00324675 0 0 0.0164024 0.126455 0.00286726 0 0.000548153 4.21656e-005 8.43313e-005 0 0 0 0 0 0.000337325 0 0 0 0.0053972 0.0405633 0.000252994 0 0.000927644 0.0191432 0.033606 0.000126497 4.21656e-005 0.000168663 8.43313e-005 0 0 0 0 0 0 0.00813797 0 0 0 0.00801147 0.0345758 0 4.21656e-005 0.00265643 0.0502614 0.436119 
0.0998811 0 0 0 0.00756243 0 0 0 0 0 0 0 0 0 0 0 0.104447 0.00351962 0 0 0.0155529 0.145303 0 0 0.000808561 0.000237812 0 0 0 0 0 0 0.000951249 0 0 0 0.00480381 0.0320571 0.00019025 0 0.000808561 0.012176 0.0318193 0 9.51249e-005 9.51249e-005 4.75624e-005 0 0 0 0 0 0 0.0340071 0 0 0 0.0093698 0.0342449 4.75624e-005 0 0.00313912 0.0404756 0.418359 
0.0453457 0.00161391 0.000676801 0 0.00721054 0.000208247 0 0 0 0 0 0 0 0 0 0 0.0283476 0.00640358 0.00031237 0 0.0112193 0.154753 0.000885048 2.60308e-005 0.00130154 0.000598709 0.000260308 0 0 0 0 0 0 0 0 0 0.00452936 0.0542743 0.00124948 0 0.000546647 0.0191327 0.0503176 7.80925e-005 0 0.000442524 0.000234277 2.60308e-005 0 0 0 0 0 0.00439921 0 0 0 0.0157747 0.0893378 0.000390462 0 0.00153582 0.0640619 0.434506 
0.286859 0 0 0 0 0 0 0 0 0 0 0 0 0 0 0 0.0651303 0.00592593 0 0 0.00927298 0.0415912 0 0 0 0.00137174 0 0 0 0 0 0 0.000164609 0 0 0 0.00554184 0.0177229 0.000713306 0 0 0.0245267 0.0448285 0 0 0 0.000274348 0 0 0 0 0 0.000274348 0.00219479 0 0 0 0.00971193 0.0226612 0 0 0 0.0650206 0.396214 
0.0300346 0.000103806 0 0 0.0138408 0.000103806 0 0 0 0 0 0 0 0 0 0 0.0680277 0.01391 0 0 0.0204844 0.26526 6.92042e-005 0 0.00183391 0.00103806 0 0 0 0 0 0 0 0 0 0 0.00124567 0.0302076 0.0015917 0 0.000692042 0.0117647 0.0710727 3.46021e-005 3.46021e-005 0.000449827 0.0033218 0.000103806 0 0 0 0 0 0.00321799 6.92042e-005 0 0 0.00128028 0.033218 0.000207612 0 0.00280277 0.0351903 0.388789 
0.0550989 0.000416233 0 0 0.0130489 0.00144641 0 0 0.00057232 0 0 0 0 0 0 0 0.0357752 0.0170656 0 0 0.00617066 0.193507 0.00037461 0 0.00262227 0.0023205 0.000520291 0 0 0 0 0 0 0 0 0 0.000114464 0.0135692 0.000665973 0 0.000582726 0.00809573 0.063486 0.000468262 0 0.000530697 0.0209053 0.000593132 0 0 0 0 0 0.00150884 0 0 0 0.00189386 0.0361811 0.000353798 0 0.00203954 0.045026 0.475047 
0.0298635 0.00113329 0 0 0.0161916 0.0010489 0 0 0.000663098 0 0 0 0 0 0 0 0.0268012 0.0157215 0 0 0.00651042 0.203824 9.64506e-005 0 0.0027609 0.00155527 0.00022907 0 0 0 0 0 0 0 0 0 0.000144676 0.016903 0.00115741 0 0.000602816 0.00754726 0.052867 6.02816e-005 0 0.000542535 0.0285132 0.00608845 0 0 0 0 0 0.000566647 0 0 0 0.00520833 0.0323954 0.000241127 0 0.00208574 0.0612703 0.477406 
0.0703992 8.73439e-005 0 0 0.00672548 0 0 0 0 0 0 0 0 0 0 0 0.0958162 0.00288235 0 0 0.0227968 0.217836 0.00375579 0 0.000960783 0.00899642 0.00270766 0 0 0 0 0 0 0 0 0 8.73439e-005 0.0410516 0.000786095 0 0.000611407 0.0172067 0.0531924 8.73439e-005 0 0 0.000174688 0 0 0 0 0 0 0 0 0 0 0.00585204 0.0544152 8.73439e-005 0 0.0021836 0.0270766 0.364224 
0.0697016 8.57339e-005 0 0 0.00660151 0 0 0 0 0 0 0 0 0 0 0 0.0953361 0.00265775 0 0 0.0229767 0.221022 0.00368656 0 0.000943073 0.00977366 0.00274348 0 0 0 0 0 0 0 0 0 8.57339e-005 0.0413237 0.000771605 0 0.000600137 0.0179184 0.0528978 8.57339e-005 0 0 0.000171468 0 0 0 0 0 0 0 0 0 0 0.00685871 0.0551269 8.57339e-005 0 0.00214335 0.0270919 0.359311 
0.0706612 8.73439e-005 0 0 0.00672548 0 0 0 0 0 0 0 0 0 0 0 0.0956415 0.00270766 0 0 0.0224474 0.218185 0.00375579 0 0.000960783 0.00925845 0.00244563 0 0 0 0 0 0 0 0 0 8.73439e-005 0.041139 0.000786095 0 0.000611407 0.0172067 0.0529304 8.73439e-005 0 0 0.000174688 0 0 0 0 0 0 0 0 0 0 0.00593938 0.0546773 8.73439e-005 0 0.0021836 0.0270766 0.364137 
0.0693587 8.57339e-005 0 0 0.00660151 0 0 0 0 0 0 0 0 0 0 0 0.0951646 0.00291495 0 0 0.0221193 0.221279 0.00377229 0 0.000943073 0.00908779 0.00248628 0 0 0 0 0 0 0 0 0 0.000257202 0.0413237 0.000857339 0 0.000600137 0.0176612 0.0529835 8.57339e-005 0 0 0.000171468 0 0 0 0 0 0 0 0 0 0 0.00600137 0.0542695 8.57339e-005 0 0.00214335 0.0269204 0.362826 
0.0677686 8.26446e-005 0 0 0.00636364 0 0 0 0 0 0 0 0 0 0 0 0.0932231 0.00280992 0 0 0.0228926 0.221653 0.00371901 0 0.000909091 0.00942149 0.00280992 0 0 0 0 0 0 0 0 0 0.000247934 0.0424793 0.000826446 0 0.000578512 0.0189256 0.0528099 8.26446e-005 0 0 0.000165289 0 0 0 0 0 0 0 0 0 0 0.00933884 0.0554545 8.26446e-005 0 0.00206612 0.0275207 0.357769 
0.0466279 0 0 0 0.0046934 0 0 0 0 0 0 0 0 0 0 0 0.109479 0.00367309 0 0 0.0184675 0.245995 0 0 0.000408122 0.0153046 0.00367309 0 0 0 0 0 0 0 0 0 0.00010203 0.0422406 0.000816243 0 0.000612182 0.0108152 0.0542802 0 0 0 0.00010203 0 0 0 0 0 0 0 0 0 0 0.000510152 0.0524436 0.0013264 0 0.0010203 0.0244873 0.362922 
0.0787628 0 0 0 0.00820153 1.27551e-005 0 0 0 0 0 0 0 0 0 0 0.0888776 0.00642857 0 0 0.018023 0.240128 0 0 0.000969388 0.0141709 0.00483418 0 0 0 0 0 0 0 0 0 7.65306e-005 0.0153954 6.37755e-005 0 0.00122449 0.0083801 0.0311352 0 0.000140306 0.000229592 0.000446429 0 0 0 0 0 0 0.000510204 1.27551e-005 0 0 0.000905612 0.0343367 1.27551e-005 7.65306e-005 0.00230867 0.0381888 0.406148 
0.0810099 0 0 0 0.00776636 2.49722e-005 0 0 0 0 0 0 0 0 0 0 0.0917854 0.00566869 0 0 0.015695 0.245202 0 0 0.00096143 0.0141218 0.00443257 0 0 0 0 0 0 0 0 0 7.49167e-005 0.0169437 0.000162319 0 0.00119867 0.00802857 0.0317272 0 0.000137347 0.00022475 0.000486958 0 0 0 0 0 0 0.000699222 0 0 0 0.00174806 0.0346739 0 7.49167e-005 0.00225999 0.0358351 0.399056 
0.080713 0 0 0 0.00773876 2.44511e-005 0 0 0 0 0 0 0 0 0 0 0.091068 0.00523253 0 0 0.0157832 0.246895 0 0 0.000941366 0.0138271 0.0044501 0 0 0 0 0 0 1.22255e-005 0 0 7.33532e-005 0.0174458 0.000146706 0 0.00117365 0.00806885 0.0327278 0 0.000134481 0.00022006 0.000476796 0 0 0 0 0 0 0.000489021 1.22255e-005 0 0 0.00187051 0.0365788 1.22255e-005 7.33532e-005 0.00221282 0.0365544 0.395044 
0.05712 0 0 0 0.00863696 0 0 0 3.62897e-005 0 0 0 0 0 0 0 0.150602 0.00722166 0 0 0.0254391 0.140732 0 0 0.00137901 0.000870954 0 0 0 0 0 0 0 0 0 0 0.000108869 0.0291044 0.000145159 0 0.00119756 0.0123385 0.0248585 0 7.25795e-005 0.000435477 3.62897e-005 0 0 0 0 0 0 7.25795e-005 0 0 0 0.0213384 0.0550878 3.62897e-005 0 0.00199594 0.0264915 0.434642 
0.207946 0 0 0 0 0 0 0 0 0 0 0 0 0 0 0 0.147084 0.00205289 0 0 0.0155778 0.0322425 0 0 0 0 0 0 0 0 0 0 0 0 0 0 0.000241517 0.0443183 0.000483033 0 0 0.0130419 0.0334501 0 0 0 0 0 0 0 0 0 0 0.000120758 0.000362275 0 0 0.00845309 0.0586886 0.000120758 0 0 0.0253593 0.410458 
0 0 0 0 0 0 0 0 0 0 0 0 0 0 0 0 0.0200155 0 0 0 0.0634039 0.0476498 0 0 0 0 0 0 0 0 0 0 0 0 0 0 0.000645661 0.108213 0 0 0 0.107567 0.0743802 0 0 0 0 0 0 0 0 0 0 0 0 0 0 0.00774793 0.108213 0 0 0 0.0378357 0.424329 
0.131327 0 0 0 0.000129132 0 0 0 0 0 0 0 0 0 0 0 0.243156 0.00594008 0 0 0.0143337 0.0725723 0.000516529 0 0 0.00167872 0.000774793 0 0 0 0 0 0 0 0 0 0.0154959 0.0547521 0.000903926 0 0 0.0216942 0.0535899 0 0 0 0 0 0 0 0 0 0 0 0 0 0 0.0445506 0.03422 0 0 0 0.0377066 0.266658 
0.133703 0.000528471 0 0 0.000396354 0 0 0 0 0 0 0 0 0 0 0 0.149029 0.00607742 0 0 0.01123 0.0631523 0.000132118 0 0 0.00105694 0.000528471 0 0 0 0 0 0 0 0 0 0.00647377 0.0579997 0.00251024 0 0.000132118 0.0354076 0.0787422 0 0 0 0.00211389 0 0 0 0 0 0 0.000132118 0 0 0 0.0323689 0.063945 0 0 0.000924825 0.050469 0.302946 
0.138063 0.000132118 0 0 0.0107015 0 0 0 0 0 0 0 0 0 0 0 0.310477 0.013476 0 0 0.012287 0.106355 0 0 0.000396354 0.000660589 0 0 0 0 0 0 0.00488836 0.00924825 0 0 0.000132118 0.0450522 0.00158541 0 0.000132118 0.00819131 0.0573391 0 0 0.000264236 0.000132118 0 0 0.0051526 0 0 0 0.0371251 0 0 0 0.000132118 0.0506011 0.000660589 0 0.000396354 0.00779495 0.178623 
0.15328 0.000258264 0 0 0.0125258 0 0 0 0 0 0 0 0 0 0 0 0.301653 0.0131715 0 0 0.0122676 0.102918 0 0 0.000387397 0.000645661 0 0 0 0 0 0 0.00516529 0.00865186 0 0 0.000129132 0.0453254 0.00103306 0 0.000129132 0.00813533 0.0542355 0 0 0.000258264 0.000129132 0 0 0.00581095 0 0 0 0.0355114 0 0 0 0.000129132 0.0486828 0.000516529 0 0.000387397 0.00826446 0.180398 
0.148631 0.000258264 0 0 0.0125258 0 0 0 0 0 0 0 0 0 0 0 0.297521 0.0142045 0 0 0.012655 0.10266 0 0 0.000387397 0.000645661 0 0 0 0 0 0 0.00529442 0.00891012 0 0 0.000129132 0.0472624 0.000903926 0 0.000129132 0.00826446 0.0557851 0 0 0.000387397 0.000129132 0 0 0.00619835 0 0 0 0.0375775 0 0 0 0.000129132 0.0499742 0.000516529 0 0.000258264 0.00826446 0.180398 
0.143208 0.000258264 0 0 0.0116219 0 0 0 0 0 0 0 0 0 0 0 0.303073 0.0152376 0 0 0.0129132 0.102531 0 0 0.000387397 0.000645661 0 0 0 0 0 0 0.00529442 0.00891012 0 0 0.000129132 0.046875 0.00129132 0 0.000129132 0.00826446 0.058626 0 0 0.000387397 0.000129132 0 0 0.00568182 0 0 0 0.0378357 0 0 0 0.000129132 0.0501033 0.000516529 0 0.000258264 0.00826446 0.177299 
0.152254 0.000252493 0 0 0.0122459 0 0 0 0 0 0 0 0 0 0 0 0.301477 0.0154021 0 0 0.0126247 0.0998611 0 0 0.00037874 0.000631233 0 0 0 0 0 0 0.00517611 0.00871102 0 0 0.000126247 0.0462063 0.00126247 0 0.000126247 0.00820604 0.0584522 0 0 0.00037874 0.000126247 0 0 0.00643858 0 0 0 0.0361066 0 0 0 0.000126247 0.0482262 0.000504987 0 0.000252493 0.00807979 0.176367 
0.143079 0.000258264 0 0 0.0116219 0 0 0 0 0 0 0 0 0 0 0 0.304106 0.0151085 0 0 0.0121384 0.102789 0 0 0.000387397 0.000645661 0 0 0 0 0 0 0.00529442 0.00852273 0 0 0.000129132 0.0466167 0.00129132 0 0.000129132 0.00839359 0.0583678 0 0 0.000387397 0.000129132 0 0 0.00658574 0 0 0 0.0373192 0 0 0 0.000129132 0.0502324 0.000516529 0 0.000258264 0.00826446 0.177299 
0.144405 0.000264236 0 0 0.0118906 0 0 0 0 0 0 0 0 0 0 0 0.303343 0.0151936 0 0 0.012287 0.103713 0 0 0.000396354 0.000660589 0 0 0 0 0 0 0.00528471 0.00845554 0 0 0.000132118 0.0458449 0.00132118 0 0.000132118 0.00858766 0.0544326 0 0 0.000396354 0.000132118 0 0 0.00488836 0 0 0 0.0375215 0 0 0 0.000132118 0.0499405 0.000528471 0 0.000264236 0.00845554 0.181398 
0.237216 0 0 0 0.0036157 0 0 0 0 0 0 0 0 0 0 0 0.298683 0.00736054 0 0 0.0040031 0.0387397 0 0 0 0.000129132 0 0 0 0 0 0 0.0161415 0.00929752 0 0 0.000129132 0.0365444 0.00258264 0 0 0.00451963 0.0750258 0 0 0 0 0 0.0131715 0.0183368 0 0 0 0.000774793 0 0 0 0.00206612 0.0308626 0.000516529 0 0 0.00697314 0.193311 
0.0618808 0 0 0 0.00922116 0.000114312 0 0 3.81039e-005 0.00140985 0 0 0 0 0 0 0.162056 0.0123457 0 0 0.0264822 0.130163 0 0 0.000304832 0.020157 0 0 0 0 0 0 0 0 0 0 0.000152416 0.0408093 0.00201951 0 0.000571559 0.0132983 0.0356653 3.81039e-005 0 7.62079e-005 0.000723975 0 0 0 0 0 0 7.62079e-005 0 0 0.00019052 0.00213382 0.0836001 0.000685871 0 0.00495351 0.0247295 0.366103 
0.0463331 0 0 0 0.00860306 7.71575e-005 0 0 0 0 0 0 0 0 0 0 0.129625 0.0246518 0 0 0.0226843 0.18595 0.000771575 0 0.000462945 0.000424366 0.000115736 0 0 0 0 0 0 0 0 0 0.00030863 0.0433239 0.00250762 0 0.000887311 0.0120366 0.0388102 0 0 7.71575e-005 0.000154315 3.85788e-005 0 0 0 0 3.85788e-005 0.000231473 0 0 0.000385788 0.00208325 0.0840631 0.000887311 3.85788e-005 0.00389645 0.0212955 0.369237 
0.0824387 0 0 0 0.00721038 0 0 0 0 0 0 0 0 0 0 0 0.211224 0.0110159 0 0 0.0198286 0.104711 0 0 0.000600865 0.000160231 0 0 0 0 0 0 0 0 0 0 0.000200288 0.0432222 0.00144208 0 0.00120173 0.0105752 0.0321263 0 4.00577e-005 8.01154e-005 0.000160231 0 0 0 0 0 0 0.000761096 0 0 4.00577e-005 0.00484698 0.0834402 0.000680981 0.000160231 0.00432623 0.0201891 0.359317 
0.0926275 0 0 0 0.0222359 0.00039472 0 0 4.38577e-005 8.77155e-005 0 0 0 0 0 0 0.231174 0.000175431 0 0 0.0173238 0.0205254 0 0 0.000263146 0.00403491 4.38577e-005 0 0 0 0 0 0.017894 0.000131573 0 0 0.0249112 0.0703916 8.77155e-005 0 0.000438577 0.00649094 0.0139029 0 0 0 0.000131573 0 0 0 0 0 0.000219289 0.00153502 4.38577e-005 0 0.000307004 0.0152625 0.0487259 0.00039472 0 0.0266655 0.0704794 0.313056 
0.100346 0 0 0 0.00951557 0.000324394 0 0 0.000216263 0 0 0 0 0 0 0 0.242593 0.000216263 0 0 0.0237349 0.025465 0 0 0.000162197 0.00286548 0 0 0 0 0 0 0.00675822 0 0 0 0.0277357 0.0637976 0 0 0.000594723 0.0102184 0.0162197 0 0 0 0.000162197 0 0 0 0 0 0.000216263 0.00037846 0 0 0.00324394 0.018112 0.0525519 0.000270329 0 0.0222751 0.0264381 0.345588 
0.110608 0 0 0 0.0148886 5.02993e-005 0 0 0 0 0 0 0 0 0 0 0.249484 0.000301796 0 0 0.0143353 0.017655 0 0 0.000251496 0.00186107 0 0 0 0 0 0 0.0150395 0.000150898 0 0 0.0218299 0.0654897 0.000301796 0 0.000251496 0.0072934 0.014788 0 0 0 0.000201197 0 0 0 0 0 0.000553292 0.00140838 0 0 0.000352095 0.0135808 0.0458729 0.000804788 0 0.0134802 0.0560837 0.333082 
0.100863 0 0 0 0.0135579 0.000187652 0 0 9.38262e-005 0 0 0 0 0 0 0 0.228514 0.000187652 0 0 0.0245825 0.0244886 0 0 0.00075061 0.00506662 4.69131e-005 0 0 0 0 0 0.00567649 0 0 0 0.0152937 0.0677895 9.38262e-005 0 0.000797523 0.00877275 0.0189998 0 0 0 0.000562957 0.00229874 0 0 0 0 0.000516044 0.000469131 0 0 0.00164196 0.0121974 0.0435823 0.000187652 0.000140739 0.0423625 0.0446613 0.335616 
0.117536 0 0 0 0.0174073 0.000495933 0 0 9.91867e-005 0 0 0 0 0 0 0 0.237453 0 0 0 0.0181016 0.0176056 0 0 0.000793493 0.00257885 0 0 0 0 0 0 0.0151756 0 0 0 0.0214243 0.061099 9.91867e-005 0 4.95933e-005 0.00808371 0.013539 4.95933e-005 0 0 0.000198373 0 0 0 0 0 0.000545527 0.00198373 0 0 0.000396747 0.013043 0.0470641 0.00089268 0 0.0108113 0.071464 0.32201 
0.105025 0 0 0 0.0149389 0.000603591 0 0 0.000201197 0.000150898 0 0 0 0 0 0 0.234747 0.000301796 0 0 0.0170515 0.0210251 0 0 0.000754489 0.00357125 0 0 0 0 0 0 0.0126754 5.02993e-005 0 0 0.0193652 0.0659927 0.000301796 0 0.000402394 0.00819878 0.018661 0 0 0 0.000201197 0 0 0 0 0 0.000452694 0.00171018 0 0 0.00513053 0.0312862 0.0457723 0.000150898 0 0.024194 0.0352598 0.331824 
0.0956379 0 0 0 0.0127846 0.000823045 0 0 0 0 0 0 0 0 0 0 0.234952 0.000219479 0 0 0.022716 0.0299588 0 0 0.000219479 0.00312757 0 0 0 0 0 0 0.0136077 5.48697e-005 0 0 0.0196433 0.0628258 0.000329218 0 5.48697e-005 0.00938272 0.0188203 0 0 0 0.000384088 5.48697e-005 0 0 0 0 0.000768176 0.00148148 5.48697e-005 0 0.00131687 0.0246365 0.0447737 0.000274348 5.48697e-005 0.0196433 0.0306722 0.350727 
0.306982 0.000710059 0 0 0.000236686 0.000118343 0 0 0 0 0 0 0 0 0 0 0.198462 0.00686391 0 0 0.00568047 0.044142 0 0 0 0.000118343 0 0 0 0 0 0 0.00035503 0 0 0 0.0106509 0.0451479 0.00159763 0 0 0.00704142 0.0232544 0 0 0 0 0.000118343 0 0 0 0 0 0.00497041 0 0 0 0.00201183 0.037929 0.000769231 0 0 0.014142 0.288698 
0.308579 0.00069287 0 0 0.000251953 0.000125976 0 0 0 0 0 0 0 0 0 0 0.196586 0.00592089 0 0 0.00566893 0.0415722 6.29882e-005 0 0 0.000125976 0 0 0 0 0 0 0.000188964 0 0 0 0.00900731 0.0428949 0.000818846 0 0 0.0063618 0.0215419 0 0 0 6.29882e-005 0.000125976 0 0 0 0 0 0.00447216 0 0 0 0.00195263 0.0368481 0.000503905 0 0 0.0144243 0.301209 
0.306213 0.000236686 0 0 0.000236686 0.000118343 0 0 0 0 0 0 0 0 0 0 0.200355 0.00597633 0 0 0.00550296 0.0445562 5.91716e-005 0 0 0.000118343 0 0 0 0 0 0 0.000236686 0 0 0 0.00946746 0.0452071 0.00118343 0 0 0.00615385 0.0238462 0 0 0 5.91716e-005 0.000118343 0 0 0 0 0 0.00431953 0 0 0 0.00195266 0.037929 0.000591716 0 0 0.013432 0.29213 
0.312181 0.00024037 0 0 0.00024037 0.000120185 0 0 0 0 0 0 0 0 0 0 0.19488 0.00570879 0 0 0.00558861 0.0430864 0 0 0 0.000120185 0 0 0 0 0 0 0.00024037 0 0 0 0.00973499 0.0441079 0.00132204 0 0 0.00618953 0.022715 0 0 0 6.00925e-005 0.000120185 0 0 0 0 0 0.00438676 0 0 0 0.00198305 0.0361156 0.00048074 0 0 0.0137011 0.296677 
0.313049 0.000244141 0 0 0.000183105 0.000183105 0 0 0 0 0 0 0 0 0 0 0.194458 0.00531006 0 0 0.0055542 0.0430908 6.10352e-005 0 0 6.10352e-005 6.10352e-005 0 0 0 0 0 0 0 0 0 0.00897217 0.043396 0.0010376 0 0 0.00543213 0.0227051 0 0 0 0 0.000183105 0 0 0 0 0 0.0043335 0 0 0 0.00177002 0.0371094 0.000549316 0 0 0.0136108 0.298645 
0.161863 1.1973e-005 0 0 0.0100095 0.000718382 0 0 0.00011973 0 0 0 0 0 0 0 0.0892231 0.00480119 0 0 0.0101531 0.172998 0.000718382 0 0.0030651 0.000191569 9.57843e-005 0 0 0 0 0 9.57843e-005 0 0 0 0.00141282 0.0405407 0.00528011 0 0.00176004 0.00407083 0.0331893 0.000478921 4.78921e-005 0.000227488 8.38113e-005 0.000251434 0 0 0 0 0.000311299 0.00453778 0 0 0 0.0153494 0.0492451 0.000359191 3.59191e-005 0.00204739 0.0281726 0.358533 
0.165919 1.16484e-005 0 0 0.0099244 0.00071055 0 0 0.000116484 0 0 0 0 0 0 0 0.0881431 0.00461275 0 0 0.00988946 0.169414 0.000722198 0 0.00297033 0.00020967 0.000104835 0 0 0 0 0 9.31869e-005 0 0 0 0.00136286 0.0404198 0.00528836 0 0.00170066 0.00398374 0.0340132 0.000512528 3.49451e-005 0.000267912 8.15385e-005 0.000244616 0 0 0 0 0.000396044 0.0046011 0 0 0 0.0149215 0.0490978 0.000489231 3.49451e-005 0.00203846 0.0284686 0.3592 
0.162425 1.17283e-005 0 0 0.00992212 0.000691968 0 0 0.000117283 0 0 0 0 0 0 0 0.088009 0.00491415 0 0 0.00979311 0.172629 0.000738882 0 0.00299071 0.000199381 0.000105555 0 0 0 0 0 8.2098e-005 0 0 0 0.00141912 0.040791 0.00531291 0 0.00171233 0.00406971 0.0340355 0.000516044 4.69131e-005 0.000258022 8.2098e-005 0.000246294 0 0 0 0 0.000645055 0.00560612 4.69131e-005 0 0 0.0165134 0.0506544 0.00041049 3.51848e-005 0.00206418 0.0294263 0.353479 
0.180228 3.51848e-005 0 0 9.38262e-005 0.000152468 0 0 0 0 0 0 0 0 0 0 0.228056 0.0079635 0 0 0.00431601 0.0520266 0.000832708 0 0 2.34566e-005 0.000222837 0 0 0 0 0 8.2098e-005 0 0 0 0.00235738 0.0412835 0.00547711 0 0 0.00304935 0.0229171 5.86414e-005 0 0 1.17283e-005 8.2098e-005 0 0 0 0 0.000809251 0.00772894 0 0 0 0.0179912 0.0407089 0.000387033 0 0 0.0173696 0.365735 
0.296725 0 0 0 0.0113611 0.0013366 0 0 0 0 0 0 0 0 0 0 0.183114 0.0202161 0 0 0.00545779 0.04227 5.56917e-005 0 0 0.000445534 0.000167075 0 0 0 0 0 0.00033415 0.000222767 0 0 0.000723992 0.0358098 0.000723992 0 0 0.00829806 0.0331366 5.56917e-005 0 0 5.56917e-005 5.56917e-005 0 0 0 0 0 0.000111383 0 0 0 0.000723992 0.039374 0.000167075 0 0 0.0086879 0.31037 
0.323472 0 0 0 0.00652778 0.00131944 0 0 0 0 0 0 0 0 0 0 0.166389 0.0136111 0 0 0.00486111 0.0297222 0 0 0 0.000347222 0.000208333 0 0 0 0 0 0.00111111 6.94444e-005 0 0 0.000555556 0.0315278 0.000972222 0 0 0.00819444 0.0299306 6.94444e-005 0 0 0.000138889 0.000416667 0 0 0 0 0 0.000416667 0 0 0 0.00173611 0.0384722 0.000347222 0 0 0.0104167 0.329167 
0.293212 0 0 0 0.00588274 0.00132196 0 0 0 0 0 0 0 0 0 0 0.198625 0.0218124 0 0 0.00495737 0.0348338 0 0 0 0.000264393 6.60982e-005 0 0 0 0 0 0.00211514 6.60982e-005 0 0 0.000264393 0.0375438 0.000793179 0 0 0.00680812 0.0297442 6.60982e-005 0 0 6.60982e-005 0.000132196 0 0 0 0 0 0.00112367 6.60982e-005 0 0 0.000991473 0.043757 0.000462688 0 0 0.0104435 0.304581 
0.317866 0 0 0 0.0104435 0.00105757 0 0 0 0 0 0 0 0 0 0 0.171723 0.0161941 0 0 0.00555225 0.0337101 0.000132196 0 0 0.000198295 0.000132196 0 0 0 0 0 0.00145416 0 0 0 0.000198295 0.0348338 0.000859277 0 0 0.0074691 0.0301408 0.000132196 0 0 0.000132196 0.000330491 0 0 0 0 0 0.000594884 0 0 0 0.00158636 0.0352965 0.000132196 0 0 0.00951814 0.320312 
0.315382 0 0 0 0.0123457 0.000755858 0 0 0 0 0 0 0 0 0 0 0.176052 0.0191484 0 0 0.00472411 0.0365331 0.000188964 0 0 0.000251953 0.000251953 0 0 0 0 0 0.00125976 0 0 0 0.000566893 0.0363442 0.00100781 0 0 0.00818846 0.0314941 0.000125976 0 0 6.29882e-005 0.000314941 0 0 0 0 0 0.000377929 0 0 0 0.00144873 0.0349584 0.000314941 0 0 0.00900731 0.308894 
0.315891 0 0 0 0.014074 0.000868002 0 0 0 0 0 0 0 0 0 0 0.174344 0.019344 0 0 0.00471201 0.0371381 0.000186 0 0 0.000434001 0.000248 0 0 0 0 0 0.00124 0 0 0 0.000558001 0.0362081 0.001116 0 0 0.00806002 0.0319921 0.000124 0 0 6.20001e-005 0.000310001 0 0 0 0 0 0.000372001 0 0 0 0.001426 0.0347201 0.000310001 0 0 0.00892802 0.307335 
0.321133 0.00015625 0 0 0.00222656 0.00101562 0 0 0 0 0 0 0 0 0 0 0.143242 0.00695312 0 0 0.00464844 0.0696484 0.01 0 0 0.0003125 0.00121094 0 0 0 0 0 0 0 0 0 0 0.0421094 0.00128906 0 0 0.00289063 0.0357812 0.00148437 0 0 0.000117187 0.000234375 0 0 0 0 0 3.90625e-005 0 0 0 0.000195313 0.0578516 0.000390625 0 0 0.005625 0.291445 
0.288578 0.00062756 0 0 0.00178359 0.000726648 0 0 0 0 0 0 0 0 0 0 0.129806 0.00875281 0 0 0.00495442 0.104109 0.00822434 0 0 0.000264236 0.000231206 0 0 0 0 0 0 0 0 0 0.000297265 0.0422777 0.00221297 0 0 0.00495442 0.0348461 0.000231206 0 0 3.30295e-005 9.90884e-005 0 0 0 0 0 0 0 0 0 0.00184965 0.0501387 0.00115603 0 0 0.00967763 0.304168 
0.292455 0.000676041 0 0 0.0016563 0.000743645 0 0 0 0 0 0 0 0 0 0 0.130611 0.00713223 0 0 0.00449567 0.102792 0.00706463 0 0 0.000202812 0.000236614 0 0 0 0 0 0 0 0 0 0.00016901 0.0422188 0.00229854 0 0 0.00452948 0.0345119 0.000135208 0 0 3.38021e-005 0.000101406 0 0 0 0 0 0 0 0 0 0.000540833 0.0493848 0.00118307 0 0 0.00936317 0.307463 
0.295709 0.000519031 0 0 0.0015917 0.000657439 0 0 0 0 0 0 0 0 0 0 0.130727 0.00529412 0 0 0.00401384 0.0969204 0.00698962 0 0 0.00017301 0.000242215 0 0 0 0 0 0 0 0 0 0.00017301 0.0423183 0.00221453 0 0 0.00429066 0.0351211 3.46021e-005 0 0 3.46021e-005 0.000138408 0 0 0 0 0 0 0 0 0 0.000553633 0.0507266 0.00131488 0 0 0.00961938 0.310623 
0.247917 0.000638269 0 0 0.00413195 0.000688659 0 0 0 0 0 0 0 0 0 0 0.172114 0.00969162 0 0 0.00374563 0.0656913 0.000134372 0 0 0.000285542 8.39828e-005 0 0 0 0 0 1.67966e-005 0 0 0 0.000151169 0.0295787 0.00191481 0 1.67966e-005 0.00465265 0.0198031 6.71862e-005 0 0 1.67966e-005 0.000285542 0 0 0 0 0 0.000436711 0 0 0 0.00287221 0.0678749 0.000990997 0 0.0014613 0.0143107 0.350427 
0.302004 0.000359168 0 0 0.00153119 0.000132325 0 0 0 0 0 0 0 0 0 0 0.165633 0.0171456 0 0 0.0026276 0.0487713 0.000189036 0 0 3.78072e-005 0.000132325 0 0 0 0 0 5.67108e-005 0 0 0 0.000510397 0.0244802 0.00136106 0 7.56144e-005 0.00502836 0.0250662 3.78072e-005 0 0 3.78072e-005 0.00020794 0 0 0 0 0 0.000151229 0 0 0 0.00557656 0.0359546 0.00113422 0 0.000548204 0.0210208 0.340189 
0.258291 0.000219154 0 0 0.00012784 0.000219154 0 0 0 0 0 0 0 0 0 0 0.183834 0.00925926 0 0 0.00239243 0.0368727 0.000310468 0 0 1.82628e-005 9.13142e-005 0 0 0 0 0 1.82628e-005 0 0 0 0.000858353 0.0307546 0.00105924 0 0 0.00396304 0.0183176 5.47885e-005 0 0 0 0.000182628 0 0 0 0 0 0.000456571 0 0 0 0.0132588 0.0562678 0.000785302 0 0 0.0125283 0.369859 
0.250696 0.000175067 0 0 0.000140054 0.000227587 0 0 0 0 0 0 0 0 0 0 0.186254 0.00954115 0 0 0.00250346 0.0401078 0.000280107 0 0 3.50134e-005 8.75335e-005 0 0 0 0 0 3.50134e-005 0 0 0 0.000962868 0.0319847 0.00120796 0 1.75067e-005 0.00383397 0.0200102 7.00268e-005 0 0 0 0.000192574 0 0 0 0 0 0.000455174 0 0 0 0.013025 0.0562665 0.00112043 0 0.000315121 0.0142505 0.366205 
0.187121 0.00711111 0 0 0.0117136 0.00140247 0 0 0.000454321 0 0 0 0 0 0 0 0.110123 0.0177778 0 0 0.00956049 0.177817 0.000711111 0 0.00187654 0.000335802 7.90123e-005 0 0 0 0 0 0 0 0 0 1.97531e-005 0.0213728 0.000908642 0 0.00134321 0.00523457 0.0337185 1.97531e-005 5.92593e-005 0.000118519 9.87654e-005 0.000197531 0 0 0 0 0 0 0 0 0 0.000177778 0.0448395 0.00122469 1.97531e-005 0.00205432 0.0138864 0.348622 
0.215279 0.0211703 0 0 0.0122551 0.000841552 0 0 5.2597e-005 0 0 0 0 0 0 0 0.096831 0.0102827 0 0 0.00994083 0.151111 0.00223537 0 0.0017883 0.000368179 7.88955e-005 0 0 0 0 0 0 0 0 0 0 0.0117291 0.00086785 0 0.00163051 0.00544379 0.025378 7.88955e-005 5.2597e-005 0.000236686 5.2597e-005 0.000105194 0 0 0 0 0 0 0 0 0 0.000394477 0.0301907 0.000736358 0 0.00255095 0.0103879 0.387929 
0.215603 0.0202365 0 0 0.0123969 0.000840929 0 0 5.42535e-005 0 0 0 0 0 0 0 0.0975749 0.0105523 0 0 0.00995551 0.147732 0.00214301 0 0.00184462 0.000325521 0.000108507 0 0 0 0 0 0 0 0 0 0 0.011556 0.000840929 0 0.00168186 0.00561523 0.0258247 0.00016276 5.42535e-005 0.000244141 5.42535e-005 0.000108507 0 0 0 0 0 0 0 0 0 0.000379774 0.0306261 0.000786675 0 0.00263129 0.0105523 0.389513 
0.21498 0.0231959 0 0 0.0123552 0.000929961 0 0 5.31406e-005 0 0 0 0 0 0 0 0.0941652 0.00916675 0 0 0.00972473 0.150043 0.0024179 0 0.00183335 0.000345414 0.000106281 0 0 0 0 0 0 0 0 0 0 0.0106016 0.000929961 0 0.00162079 0.00534063 0.0254809 0.000159422 5.31406e-005 0.000239133 5.31406e-005 0.000106281 0 0 0 0 0 0 0 0 0 0.000345414 0.026464 0.000770539 0 0.00257732 0.0102827 0.395658 
0.214544 0.0215794 0 0 0.0114019 0.00158147 0 0 5.10152e-005 0 0 0 0 0 0 0 0.0976686 0.011606 0 0 0.010152 0.149449 0.00221916 0 0.0016835 0.000306091 0.000153046 0 0 0 0 0 0 0 0 0 2.55076e-005 0.0123712 0.000943781 0 0.00153046 0.00479543 0.0252525 0.000127538 5.10152e-005 5.10152e-005 0.000127538 0.000280584 0 0 0 0 0 0 0 0 0 0.000178553 0.0320631 0.000790736 5.10152e-005 0.00260178 0.00984593 0.386517 
0.21839 0.0212472 0 0 0.0124717 0.00138322 0 0 4.53515e-005 0 0 0 0 0 0 0 0.094898 0.0117234 0 0 0.00936508 0.159932 0.0024263 0 0.00147392 0.00031746 0.000136054 0 0 0 0 0 0 0 0 0 0 0.0160544 0.000907029 0 0.00142857 0.00451247 0.0258957 9.07029e-005 9.07029e-005 0.000113379 9.07029e-005 4.53515e-005 0 0 0 0 0 4.53515e-005 0 0 0 0.000294785 0.0311111 0.000929705 6.80272e-005 0.00213152 0.00931973 0.373061 
0.214749 0.021911 0 0 0.0123967 0.00107132 0 0 5.10152e-005 0 0 0 0 0 0 0 0.0971074 0.01181 0 0 0.0101775 0.149602 0.00244873 0 0.00163249 0.000306091 0.000127538 0 0 0 0 0 0 0 0 0 0 0.0119376 0.000790736 0 0.00158147 0.005025 0.0258137 0.00010203 0.00010203 0.000127538 0.00010203 5.10152e-005 0 0 0 0 0 5.10152e-005 0 0 0 0.000280584 0.0282369 0.000688705 7.65228e-005 0.00239771 0.0102285 0.389016 
0.0109024 0.010074 0 0 0 0 0 0 0 0 0 0 0 0 0 0 0.00480769 0.189882 0.118521 0.0039497 1.47929e-005 0.00548817 0.00356509 0 0 0 0 0 0 0 0 0 0 0.00931953 0.046716 0.0315089 0 0.00735207 0.0383136 0.00156805 0 0.000192308 0.00301775 0.000162722 0 0 0 0 0 0 0.00176036 0.0207396 0 8.87574e-005 0.00377219 0.0522189 0 0.000710059 0.00448225 0.0653106 0 0 0.00153846 0.364024 
0.014849 0.019716 0 0 0 0 0 0 0 0 0 0 0 0 0 0 0.00500651 0.226734 0.0962707 0.0015655 9.30002e-005 0.00480501 0.00404551 0 0 0 0 0 0 0 0 0 0 0.0122915 0.0411526 0.0249396 0 0.00726951 0.0297291 0.001302 0 0.0002325 0.00283651 0.0002015 0 0 0 0 0 0 0.002077 0.0157325 0 3.10001e-005 0.00376651 0.0485151 0 0.000697501 0.00469651 0.0634571 0 0 0.0013795 0.366607 
0.0200312 0.0272503 0 0 0 0 0 0 0 0 0 0 0 0 0 0 0.00390219 0.216311 0.0829702 0.00209742 3.25182e-005 0.00408104 0.00399974 0 0 0 0 0 0 0 0 0 0 0.0134138 0.0381764 0.0220311 3.25182e-005 0.00643861 0.0322743 0.00157713 0 0.000162591 0.00265023 0.000276405 0 0 0 0 0 0 0.00224376 0.0130398 0 0 0.00375585 0.04694 0 0.000406478 0.00421111 0.0743366 0 0 0.0010731 0.376284 
0.0542561 0 0 0 0.0395848 0.0016609 0 0 0.00719723 0 0 0 0 0 0 0 0.128997 0.00941176 0 0 0.0282353 0.244291 0 0 0.00401384 0.00387543 0.000276817 0 0 0 0 0 0.00858132 0.000138408 0 0 0.00290657 0.0715571 0.00124567 0 0 0.00955017 0.033218 0 0 0 0.000692042 0.000138408 0.0328028 0 0 0 0.0188235 0.0197924 0.000276817 0 0 0.00249135 0.0703114 0.00276817 0 0 0.0168858 0.186021 
0.035503 0 0 0 0.0525299 0.00893612 0 0 0.00603792 0 0 0 0 0 0 0 0.186572 0.0124381 0 0 0.0268084 0.255162 0 0 0.00313972 0.00700398 0.000362275 0 0 0 0 0 0.0143702 0.000362275 0 0 0.00301896 0.0440768 0.00120758 0 0 0.00797005 0.0412994 0.000362275 0 0 0.000845309 0.000483033 0.0350199 0 0 0 0.0240309 0.0199251 0 0 0 0.00386427 0.0427485 0.0014491 0 0 0.0138872 0.150586 
0.018595 0 0 0 0.0495868 0.00529442 0 0 0.00632748 0 0 0 0 0 0 0 0.149535 0.0123967 0 0 0.0272469 0.249613 0 0 0.00374483 0.00335744 0 0 0 0 0 0 0.02828 0.00142045 0 0 0.00348657 0.071281 0.00193698 0 0.000129132 0.00813533 0.0369318 0 0 0 0.000903926 0 0.033187 0.000129132 0 0 0.0162707 0.0225981 0.000387397 0 0 0.00374483 0.057593 0.00219525 0 0 0.015625 0.170067 
0.020452 0 0 0 0.0487312 0.00302992 0 0 0.00441863 0 0 0 0 0 0 0 0.137988 0.00706981 0 0 0.0344653 0.256912 0 0 0.00530236 0.00530236 0.000252493 0 0 0 0 0 0.0300467 0.0018937 0 0 0.00353491 0.0682995 0.00126247 0 0.00037874 0.00959475 0.0364853 0 0 0.000126247 0.00075748 0 0.0321929 0.00075748 0 0 0.0208307 0.0275218 0.00100997 0 0 0.00454488 0.0556748 0.00277743 0 0 0.0148971 0.163489 
0.0566891 0 0 0 0.0410641 0.00103306 0 0 0.00658574 0 0 0 0 0 0 0 0.172779 0.00916839 0 0 0.0316374 0.264075 0 0 0.00387397 0.00451963 0 0 0 0 0 0 0.0122676 0.000258264 0 0 0.00335744 0.0466167 0.00103306 0 0.000258264 0.00787707 0.0387397 0 0 0.000129132 0.000774793 0 0.0251808 0 0 0 0.017562 0.0250517 0 0 0 0.00387397 0.0476498 0.00154959 0 0 0.0134298 0.162965 
0.0415155 0 0 0 0.024677 0.0116127 0 0 0.00362897 0 0 0 0 0 0 0 0.0981274 0.0548701 0 0 0.0111772 0.255625 0 0 0.00624183 0.0104514 0.00130643 0 0 0.000145159 0 0 0.00769342 0.00682247 0 0 0.00159675 0.0714182 0.00638699 0 0.000435477 0.0103063 0.0404993 0.000580636 0 0 0.000725795 0.000290318 0.0056612 0.000435477 0 0 0.00232254 0.0267092 0.00145159 0 0 0.00870954 0.0656118 0.00348381 0 0 0.00769342 0.211787 
0.126165 0.000366292 0 0 0.024885 0.00375449 0 0 0.000320505 0 0 0 0 0 0 0 0.104645 0.0114466 0 0 0.0103249 0.157826 0.00590646 0 0.00123624 0.00764635 0.000412078 0 0 0 0 0 0 0 0 0 0.000412078 0.0250223 0.00162542 0 0.00107598 0.00892837 0.0500217 0.000434972 0 0.000137359 0 0.000206039 0 0 0 0 0 6.86797e-005 0 0 0 0.000389185 0.0449852 0.00265562 0 0.00128202 0.0185435 0.389277 
0.117452 0.000375309 0 0 0.025837 0.00397037 0 0 0.000237037 0 0 0 0 0 0 0 0.0990617 0.0158222 0 0 0.00942222 0.189768 0.00882963 0 0.000987654 0.00734815 0.00025679 0 0 0 0 0 0 0 0 0 0.000335802 0.0292741 0.00185679 0 0.00104691 0.00847407 0.0516741 0.000928395 1.97531e-005 0.000138272 0.000138272 0.000217284 0 0 0 0 0 1.97531e-005 0 0 0 0.00025679 0.0441481 0.00266667 0 0.00142222 0.0180938 0.359921 
0.161494 7.39645e-005 0 0 0.0143787 0.00264793 0 0 0.000295858 0 0 0 0 0 0 0 0.0767604 0.0095858 0 0 0.0102663 0.172574 0.0124852 0 0.00178994 0.00112426 0.00140533 0 0 0 0 0 0 0 0 0 0.000340237 0.0239645 0.00215976 0 0.00149408 0.00522189 0.029068 0.0016568 8.87574e-005 0.000162722 0.000133136 0.000251479 0 0 0 0 0 0 0 0 0 0.000502959 0.0665533 0.00149408 4.43787e-005 0.00273669 0.0174704 0.381775 
0.162329 0.000264236 0 0 0.015678 0.00215792 0 0 0 0 0 0 0 0 0 0 0.0787422 0.00446265 0 0 0.0107309 0.147796 0.0119346 0 0.00176157 0.00124778 0.000117438 0 0 0 0 0 0 0 0 0 0.000366994 0.0262327 0.00186433 0 0.00187901 0.00805919 0.0376976 0.00143862 0.000102758 0.000293595 8.80786e-005 4.40393e-005 0 0 0 0 0 7.33988e-005 0 0 0 0.00424245 0.0828819 0.000689949 7.33988e-005 0.00405161 0.036949 0.355749 
0.16571 0.000274658 0 0 0.0158386 0.00209045 0 0 0 0 0 0 0 0 0 0 0.0783081 0.00457764 0 0 0.0111542 0.143295 0.0120544 0 0.00183105 0.00125122 9.15527e-005 0 0 0 0 0 0 0 0 0 0.000350952 0.0252228 0.00186157 0 0.00195313 0.00794983 0.0354462 0.00149536 0.000106812 0.000305176 9.15527e-005 4.57764e-005 0 0 0 0 0 7.62939e-005 0 0 0 0.00262451 0.0832825 0.000717163 7.62939e-005 0.00379944 0.0349579 0.363159 
0.123914 0 0 0 0.0071422 0.000762759 0 0 0.000161797 0 0 0 0 0 0 0 0.117742 0.00427607 0 0 0.0129207 0.183594 0 0 0.00106324 0.000231139 0.000161797 0 0 0 0 0 0 0 0 0 6.93417e-005 0.0281759 0.000231139 0 0.00094767 0.0955067 0.0210568 4.62278e-005 2.31139e-005 0.000184911 0.000161797 4.62278e-005 0 0 0 0 0 0 0 0 0 0.000693417 0.0526072 0.000369822 0 0.00131749 0.0127126 0.33388 
0.121714 2.52519e-005 0 0 0.00848463 0.00106058 0 0 0.00040403 0 0 0 0 0 0 0 0.11525 0.00494937 0 0 0.013434 0.186586 5.05038e-005 0 0.00141411 0.000227267 7.57557e-005 0 0 0 0 0 0 0 0 0 5.05038e-005 0.029671 0.000151511 0 0.00106058 0.083104 0.0177773 5.05038e-005 0 0.000101008 0.000101008 7.57557e-005 0 0 0 0 0 2.52519e-005 0 0 0 0.000732305 0.0566147 0.000101008 2.52519e-005 0.00166662 0.0121967 0.34282 
0.125078 2.60308e-005 0 0 0.00887651 0.0010152 0 0 0.000390462 0 0 0 0 0 0 0 0.115863 0.0055706 0 0 0.0133798 0.176385 5.20616e-005 0 0.00145773 0.000260308 7.80925e-005 0 0 0 0 0 0 0 0 0 5.20616e-005 0.027853 7.80925e-005 0 0.00111933 0.0781966 0.0173886 5.20616e-005 0 0.000104123 0.000104123 5.20616e-005 0 0 0 0 0 2.60308e-005 0 0 0 0.000728863 0.0576322 7.80925e-005 2.60308e-005 0.00171803 0.0123646 0.353993 
0.123345 2.71267e-005 0 0 0.00938585 0.00103082 0 0 0.000434028 0 0 0 0 0 0 0 0.115533 0.00558811 0 0 0.0136719 0.17239 2.71267e-005 0 0.00149197 0.000244141 0.000108507 0 0 0 0 0 0 0 0 0 5.42535e-005 0.0272352 8.13802e-005 0 0.00116645 0.0777181 0.0167643 2.71267e-005 0 0.000108507 0.000108507 8.13802e-005 0 0 0 0 0 2.71267e-005 0 0 0 0.000759549 0.0592719 5.42535e-005 2.71267e-005 0.00179036 0.0119358 0.359511 
0.339617 0.00292205 0 0 0.000188519 0.000565558 0 0 0 0 0 0 0 0 0 0 0.14516 0.0053728 0 0 0.00640965 0.0571213 0.00141389 0 0 0.00235649 0.000188519 0 0 0 0 0 0 0 0 0 0 0.038835 0.00235649 0 0 0.0224338 0.0386464 0 0 0 0 0 0 0 0 0 0 0.000471298 0 0 0 0.0034876 0.0369498 0.00131963 0 0 0.0152701 0.278914 
0.337463 0.00286612 0 0 9.24556e-005 0.000647189 0 0 0 0 0 0 0 0 0 0 0.148484 0.00563979 0 0 0.00573225 0.0585244 0.00138683 0 0 0.00194157 0.000184911 0 0 0 0 0 0 0 0 0 0 0.0400333 0.0024963 0 0 0.0220044 0.0391087 0 0 0 0 0 0 0 0 0 0 0.000369822 9.24556e-005 0 0 0.0033284 0.037537 0.00120192 0 0 0.014608 0.276257 
0.335891 0.00314349 0 0 9.24556e-005 0.000832101 0 0 0 0 0 0 0 0 0 0 0.147097 0.00563979 0 0 0.00554734 0.0610207 0.0016642 0 0 0.00240385 0.000277367 0 0 0 0 0 0 0 0 0 0 0.0393861 0.00221893 0 0 0.0251479 0.0392012 0 0 0 0 0 0 0 0 0 0 0.000369822 0 0 0 0.00351331 0.0370747 0.00120192 0 0 0.0141457 0.274131 
0.269138 0 0 0 0.00628698 0.00157175 0 0 0 0 0 0 0 0 0 0 0.187315 0.00869083 0 0 0.0470599 0.0716531 0 0 0 9.24556e-005 0 0 0 0 0 0 0 0 0 0 0.00147929 0.0307877 0.00101701 0 0 0.0167345 0.0363351 0 0 0 0.000184911 0.000277367 0 0 0 0 0 0 0 0 0 0.00147929 0.0428994 0.000832101 0 0.000184911 0.0105399 0.26544 
0.27153 9.61169e-005 0 0 0.00576701 0.00144175 0 0 0 0 0 0 0 0 0 0 0.188774 0.00932334 0 0 0.0478662 0.0689158 0 0 0 0.000192234 9.61169e-005 0 0 0 0 0 0 0 0 0 0.00105729 0.0293156 0.00134564 0 0 0.0147059 0.0360438 9.61169e-005 0 0 9.61169e-005 0.000288351 0 0 0 0 0 9.61169e-005 0 0 0 0.00192234 0.0406574 0.000768935 0 0 0.0114379 0.268166 
0.268262 9.61169e-005 0 0 0.00499808 0.00144175 0 0 0 0 0 0 0 0 0 0 0.190119 0.0105729 0 0 0.0446943 0.0684352 0 0 0 0.000192234 9.61169e-005 0 0 0 0 0 0 0 0 0 0.000865052 0.0302768 0.00144175 0 0 0.0144175 0.0356594 0.000192234 0 0 0 0.000288351 0 0 0 0 0 0.000192234 0 0 0 0.00192234 0.0397924 0.00124952 0 0.000288351 0.0111496 0.273356 
0.181052 0 0 0 0.00595232 0 0 0 0 0 0 0 0 0 0 0 0.132264 0.0131507 0 0 0.00882784 0.194941 0 0 0.00177324 7.66805e-005 0 0 0 0 0 0 0 0 0 0 0.000115021 0.0173873 0.000162946 0 0.00177324 0.00431328 0.0178378 0 0.000115021 0.000230042 9.58506e-006 0 0 0 0 0 0 0.000153361 0 0 0 0.016448 0.073527 7.66805e-005 4.79253e-005 0.00324934 0.0069971 0.319518 
0.17926 0 0 0 0.0061632 0 0 0 0 0 0 0 0 0 0 0 0.132638 0.0143105 0 0 0.00960423 0.190273 0 0 0.00186909 2.87552e-005 0 0 0 0 0 0 0 0 0 0 0.000115021 0.0182212 0.000162946 0 0.00176365 0.00475419 0.0165342 0 0.000105436 0.000220456 7.66805e-005 0 0 0 0 0 0 0.000124606 9.58506e-006 0 0 0.0158537 0.0746485 0.000115021 3.83403e-005 0.00324934 0.00759137 0.322269 
0.211504 0.000148633 0 0 0.0110731 0 0 0 0 0 0 0 0 0 0 0 0.13637 0.0195452 0 0 0.0120392 0.0882878 0.000520214 0 0.00111474 0.000817479 7.43163e-005 0 0 0 0 0 0 0 0 0 0 0.0156807 0.00141201 0 0.00111474 0.00743163 0.0330708 0.000148633 0 0.000668847 0.000148633 0 0 0 0 0 0 0 0 0 0 7.43163e-005 0.046522 0.000817479 0 0.00401308 0.0101813 0.397221 
0.211557 0.000146103 0 0 0.0107385 0 0 0 0 0 0 0 0 0 0 0 0.133173 0.0217693 0 0 0.0110308 0.0937249 0.000511359 0 0.00116882 0.000803565 7.30514e-005 0 0 0 0 0 0 0 0 0 0 0.0154138 0.00138798 0 0.00109577 0.00715903 0.0331653 0.000219154 0 0.000584411 0.000146103 0 0 0 0 0 0 0 0 0 0 7.30514e-005 0.0466068 0.000803565 0 0.00365257 0.0104463 0.39455 
0.216305 0.000146103 0 0 0.0106655 0 0 0 0 0 0 0 0 0 0 0 0.139601 0.0235225 0 0 0.0110308 0.106144 0.000511359 0 0.00116882 0.000803565 7.30514e-005 0 0 0 0 0 0 0 0 0 7.30514e-005 0.0148294 0.00138798 0 0.00102272 0.00701293 0.0294397 0.000146103 0 0.000584411 0.000146103 0 0 0 0 0 0 0 0 0 0 7.30514e-005 0.0433925 0.000438308 0 0.00365257 0.00978888 0.378041 
0.215024 0.000143637 0 0 0.0106291 0 0 0 0 0 0 0 0 0 0 0 0.136958 0.0252083 0 0 0.0108446 0.102557 0.000574548 0 0.00107728 0.000861821 0 0 0 0 0 0 0 0 0 0 7.18184e-005 0.0150101 0.00143637 0 0.00100546 0.00682275 0.0310974 0.000143637 7.18184e-005 0.000574548 0.000143637 0 0 0 0 0 0 0 0 0 0 7.18184e-005 0.0453893 0.000574548 0 0.00359092 0.00991094 0.380207 
0.216816 0.000146103 0 0 0.0105924 0 0 0 0 0 0 0 0 0 0 0 0.137921 0.0247644 0 0 0.0117613 0.10534 0.000584411 0 0.00109577 0.000803565 0 0 0 0 0 0 0 0 0 0 7.30514e-005 0.0149025 0.00138798 0 0.00102272 0.00686683 0.0295127 0.000146103 7.30514e-005 0.000584411 7.30514e-005 0 0 0 0 0 0 0 0 0 0 7.30514e-005 0.0435386 0.000365257 0 0.00365257 0.00993498 0.377968 
0.187946 0.000148633 0 0 0.00795184 0 0 0 0 0 0 0 0 0 0 0 0.10865 0.00795184 0 0 0.0150119 0.0830856 0.000148633 0 0.00104043 0.000445898 0 0 0 0 0 0 0 0 0 0 0 0.01033 0.000891795 0 0.00148633 0.00906659 0.0353002 0.000668847 0 0.000371581 0.000148633 0.000148633 0 0 0 0 0 0 0 0 0 0.000371581 0.0385702 0.000817479 7.43163e-005 0.00497919 0.013154 0.47124 
0.132426 0.00276331 0 0 0 0 0 0 0 0 0 0 0 0 0 0 0.194176 0.0393241 0 0 0.0158359 0.12775 0.000425125 0 0 0 0 0 0 0 0 0 0 0 0 0 0.000956531 0.0426188 0.00276331 0.000212562 0.000743969 0.0164736 0.0333723 0 0 0 0 0 0 0 0 0 0 0.0017005 0 0 0.000106281 0.00223191 0.0452758 0.000743969 0 0 0.0142417 0.325858 
0.210938 0.00575087 0 0 0 0 0 0 0 0 0 0 0 0 0 0 0.198893 0.0279948 0 0 0.0103082 0.0731337 0.000325521 0 0 0 0 0 0 0 0 0 0 0.000434028 0 0 0.00173611 0.038954 0.00249566 0 0.000434028 0.0157335 0.0275608 0 0 0 0 0 0 0 0 0 0 0.00217014 0 0 0.000217014 0.00249566 0.0444878 0.000325521 0 0 0.0163845 0.319227 
0.193142 0.00564236 0 0 0 0 0 0 0 0 0 0 0 0 0 0 0.191515 0.0430773 0 0 0.00987413 0.0664063 0.000325521 0 0 0 0 0 0 0 0 0 0 0.000434028 0 0 0.00173611 0.0419922 0.00271267 0.000108507 0.000434028 0.015842 0.0288628 0 0 0 0 0 0 0 0 0 0 0.00217014 0 0 0.000217014 0.00227865 0.0460069 0.000325521 0 0 0.0163845 0.330512 
0.108398 0.00412326 0 0 0 0 0 0 0 0 0 0 0 0 0 0 0.186198 0.0474175 0.000108507 0 0.0129123 0.132378 0.00206163 0 0 0 0 0 0 0 0 0 0 0 0 0 0.000976563 0.0442708 0.00531684 0.000108507 0.000759549 0.0166016 0.0359158 0.000108507 0 0 0 0 0 0 0 0 0 0.00184462 0 0 0.000108507 0.00184462 0.0461155 0.00141059 0 0 0.0138889 0.337131 
0.105686 0.00412326 0 0 0 0 0 0 0 0 0 0 0 0 0 0 0.185221 0.047526 0.000108507 0 0.0128038 0.130208 0.00195313 0 0 0 0 0 0 0 0 0 0 0 0 0 0.000976563 0.0448134 0.00531684 0.000108507 0.000759549 0.0164931 0.0353733 0.000108507 0 0 0 0 0 0 0 0 0 0.00184462 0 0 0.000108507 0.00184462 0.046224 0.00141059 0 0 0.0138889 0.343099 
0.103516 0.00412326 0 0 0 0 0 0 0 0 0 0 0 0 0 0 0.184896 0.047309 0.000108507 0 0.0132378 0.132595 0.00206163 0 0 0 0 0 0 0 0 0 0 0 0 0 0.00108507 0.0449219 0.00520833 0.000108507 0.000759549 0.0161675 0.0350477 0.000108507 0 0 0 0 0 0 0 0 0 0.00195313 0 0 0 0.00195313 0.0455729 0.00173611 0 0 0.0143229 0.343207 
0.15842 0.00585938 0 0 0 0 0 0 0 0 0 0 0 0 0 0 0.194227 0.0481771 0 0 0.0109592 0.0877821 0.0015191 0 0 0 0 0 0 0 0 0 0 0 0 0 0.00173611 0.0418837 0.00542535 0.000108507 0.000542535 0.0157335 0.0322266 0 0 0 0 0 0 0 0 0 0 0.00206163 0 0 0.000217014 0.00184462 0.0452474 0.00173611 0 0 0.0161675 0.328125 
0.169861 0.00620499 0 0 0 0 0 0 0 0 0 0 0 0 0 0 0.178837 0.0458726 0 0 0.00897507 0.0807756 0.00121884 0 0 0 0 0 0 0 0 0 0 0.000221607 0 0 0.00155125 0.040554 0.0034349 0.000110803 0.00121884 0.0161773 0.0327978 0 0 0 0 0 0 0 0 0 0 0.00188366 0 0 0.000221607 0.00221607 0.0452078 0.00066482 0 0 0.0171745 0.34482 
0.149473 0 0 0 0.00994118 0.000243152 0 0 0 0 0 0 0 0 0 0 0.107408 0.00354441 0 0 0.00938941 0.185263 0 0 0.00199198 0.0011503 4.676e-005 0 0 0 0 0 0 0 0 0 9.352e-006 0.00708882 2.8056e-005 0 0.00194522 0.00370339 0.0110541 0 0.000205744 0.00028056 3.7408e-005 0 0 0 0 0 0 0 0 0 0 0.000346024 0.0479384 3.7408e-005 5.6112e-005 0.00289912 0.0156085 0.440311 
0.149501 0 0 0 0.0098383 0.000243152 0 0 0 0 0 0 0 0 0 0 0.107829 0.00332931 0 0 0.00916496 0.18531 0 0 0.00200133 0.0011503 4.676e-005 0 0 0 0 0 0 0 0 0 9.352e-006 0.00713558 3.7408e-005 0 0.00194522 0.00366598 0.0110821 0 0.000205744 0.00028056 3.7408e-005 0 0 0 0 0 0 0 0 0 0 0.000355376 0.0479664 4.676e-005 5.6112e-005 0.00288042 0.0155711 0.440311 
0.168568 3.41507e-005 0 0 0.01156 0 0 0 0.000136603 0 0 0 0 0 0 0 0.0863841 0.00385903 0 0 0.0112356 0.144457 0.000409808 0 0.00165631 0.000170753 0 0 0 0 0 0 0 0 0 0 1.70753e-005 0.0228297 0.00192951 0 0.00215149 0.00536166 0.0345434 0.0052592 8.53767e-005 0.000409808 0.000119527 0.000187829 0 0 0 0 0 0.000443959 1.70753e-005 0 0 0.000273205 0.0464961 0.00140018 6.83013e-005 0.00399563 0.0188682 0.427071 
0.154478 0 0 0 0.0103735 0 0 0 0.000171851 0 0 0 0 0 0 0 0.0882063 0.00562421 0 0 0.00920183 0.154681 0.0014373 0 0.00148417 9.37368e-005 0 0 0 0 0 0 0 0 0 0 3.12456e-005 0.028496 0.00582731 0 0.00201534 0.00531175 0.0312925 0.00557734 9.37368e-005 0.00039057 6.24912e-005 9.37368e-005 0 0 0 0 0 0.000578044 1.56228e-005 0 0 0.000421816 0.0519458 0.00189036 9.37368e-005 0.0037026 0.022325 0.414082 
0.147783 0 0 0 0.00975871 0 0 0 0.000159031 0 0 0 0 0 0 0 0.0863826 0.00757565 0 0 0.00841417 0.164929 0.00135899 0 0.00135899 0.000115659 0 0 0 0 0 0 0 0 0 0 4.3372e-005 0.0280617 0.00537813 0 0.00183608 0.00611546 0.0315026 0.00520464 8.67441e-005 0.000361434 7.22867e-005 8.67441e-005 0 0 0 0 0 4.3372e-005 0 0 0 0.000448178 0.0497911 0.00202403 8.67441e-005 0.00355651 0.0274256 0.410039 
0.153621 0 0 0 0.0105245 0 1.55e-005 0 0.0001705 0 0 0 0 0 0 0 0.0877922 0.00587451 0 0 0.00881952 0.155853 0.0016275 3.10001e-005 0.001457 9.30002e-005 0 3.10001e-005 0 0 0 0 0 0 0 0 4.65001e-005 0.0276056 0.00571951 0 0.0019375 0.00527001 0.0335731 0.00595201 9.30002e-005 0.000372001 0.0001085 9.30002e-005 0 0 0 0 0 4.65001e-005 0 0 0 0.000372001 0.0506231 0.002046 9.30002e-005 0.00372001 0.012741 0.423678 
0.177704 0 0 0 0.00993799 0 0 0 1.15693e-005 0 0 0 0 0 0 0 0.0799551 0.00711509 0 0 0.00901245 0.177681 0.000138831 0 0.00196677 6.94155e-005 0 0 0 0 0 0 0 0 0 0 2.31385e-005 0.0147624 0.000532186 0 0.00190893 0.00566893 0.0205933 0.00233699 0.000208247 0.000254524 3.47078e-005 1.15693e-005 0 0 0 0 0 0.000520616 0 0 0 0.000393355 0.0627748 0.000566893 6.94155e-005 0.00395668 0.0257069 0.396085 
0.258624 1.08922e-005 0 0 0.000108922 0 0 0 0 0 0 0 0 0 0 0 0.215121 0.00446579 0 0 0.00712348 0.042022 0 0 0 3.26765e-005 0 0 0 0 0 0 0 0 0 0 0.000457471 0.021316 0.000729776 0 0 0.00332211 0.0120032 0 0 0 0 0 0 0 0 0 0 0.000522825 0 0 0 0.027372 0.0283306 0.000141598 0 0 0.0340163 0.34428 
0.237472 0 0 0 0.000149382 0 0 0 0 0 0 0 0 0 0 0 0.211479 0.00373456 0 0 0.00627406 0.0553749 1.1491e-005 0 0 3.44729e-005 0 0 0 0 0 0 1.1491e-005 0 0 0 0.000402183 0.0140075 0.000632002 0 0 0.00455042 0.0128239 0 0 0 0 0 0 0 0 0 0 0.00011491 0 0 0 0.0284286 0.022189 0.000206837 0 0 0.0293364 0.372766 
0.234798 0 0 0 0.0001504 0 0 0 0 0 0 0 0 0 0 0 0.21225 0.00360961 0 0 0.0103429 0.0557175 1.15693e-005 0 0 3.47078e-005 0 0 0 0 0 0 1.15693e-005 0 0 0 0.000416493 0.0159193 0.000555324 0 0 0.00446573 0.0133856 0 0 0 0 0 0 0 0 0 0 0.000104123 0 0 0 0.0286455 0.0235203 0.00016197 0 0 0.0262506 0.369649 
0.367288 0 0 0 0 0 0 0 0 0 0 0 0 0 0 0 0.14273 0.00555445 0 0 0.007439 0.0349633 0 0 0 0 0 0 0 0 0 0 0 0 0 0 0.00123983 0.0248463 0.00059512 0 0 0.00461218 0.0170601 0 0 0 0 0 0 0 0 0 0 0.000347153 0 0 0 0.00119024 0.0377405 0.000247967 0 0 0.0123983 0.341748 
0.364398 0 0 0 0 0 0 0 0 0 0 0 0 0 0 0 0.152966 0.00941399 0 0 0.00729697 0.0453133 0 0 0 0 0 0 0 0 0 0 0 0 0 0 0.00144138 0.0290077 0.000630602 0 0 0.0045043 0.0169812 0 0 0 0 0 0 0 0 0 0 0.000315301 0 0 0 0.00121616 0.0368001 0.000225215 0 0 0.0117562 0.317733 
0.14653 8.41645e-005 0 0 0.009721 0 0 0 4.20822e-005 0 0 0 0 0 0 0 0.111406 0.0129754 0 0 0.0133681 0.162998 0.00200592 0 0.0018937 0.000140274 0.000182356 0 0 0 0 0 0 2.80548e-005 0 0 0.00224439 0.0185302 0.00317019 0 0.00232855 0.00756077 0.0244919 0.00451683 0.000112219 0.000308603 8.41645e-005 0.000603179 0 0 0 0 0 0.000364713 1.40274e-005 0 0 0.00157107 0.0427415 0.000476932 8.41645e-005 0.00305798 0.0261892 0.400174 
0.151203 9.30002e-005 0 0 0.010912 0 0 0 0 0 0 0 0 0 0 0 0.10757 0.013051 0 0 0.0142755 0.145142 0.002046 0 0.0020615 0.0002325 0.0001085 0 0 0 0 0 0 0 0 0 0.0019685 0.0141515 0.002356 0 0.00272801 0.00709901 0.0219945 0.00415401 0.000124 0.000403001 4.65001e-005 0.000713001 0 0 0 0 0 0.0001395 0 0 0 0.0020305 0.0427646 0.000589001 0.000124 0.00342551 0.0297136 0.41878 
0.150412 9.30002e-005 0 0 0.0108965 0 0 0 0 0 0 0 0 0 0 0 0.108469 0.0126635 0 0 0.014198 0.147746 0.0022785 0 0.0020615 0.0002325 0.0001705 0 0 0 0 0 0 0 0 0 0.002077 0.0142135 0.0022475 0 0.00257301 0.00717651 0.0219635 0.00423151 0.000124 0.000418501 4.65001e-005 0.000744001 0 0 0 0 0 0.0001395 0 0 0 0.002015 0.0427336 0.000573501 0.000124 0.00342551 0.0289696 0.416982 
0.15351 9.22722e-005 0 0 0.0108881 0 0 0 0 0 0 0 0 0 0 0 0.104221 0.0134717 0 0 0.013887 0.145267 0.00186082 0 0.00207612 0.000230681 0.000153787 0 0 0 0 0 0 0 0 0 0.0018762 0.0139331 0.00206075 0 0.00266052 0.00684352 0.0217301 0.00409073 0.00012303 0.000430604 4.61361e-005 0.000738178 0 0 0 0 0 3.07574e-005 0 0 0 0.00201461 0.0433526 0.000507497 0.00012303 0.00336794 0.0302345 0.420177 
0.152834 0.000107651 0 0 0.0108727 0 0 0 0 0 0 0 0 0 0 0 0.105144 0.012872 0 0 0.013887 0.148189 0.00186082 0 0.00204537 0.000215302 0.000153787 0 0 0 0 0 0 0 0 0 0.00192234 0.0139639 0.00204537 0 0.00253749 0.00701269 0.021807 0.00415225 0.00012303 0.000415225 4.61361e-005 0.00070742 0 0 0 0 0 3.07574e-005 0 0 0 0.00201461 0.0430142 0.000461361 0.00012303 0.00336794 0.0297732 0.418301 
0.15432 0.000112901 0 0 0.0114192 0 0 0 0 0 0 0 0 0 0 0 0.103531 0.012274 0 0 0.0140482 0.137869 0.00162901 0 0.00214513 0.000225803 0.000161288 0 0 0 0 0 0 0 0 0 0.00154836 0.0134837 0.00183868 0 0.0025806 0.00701602 0.0222577 0.00417735 0.00012903 0.000435477 4.83863e-005 0.000741924 0 0 0 0 0 3.22575e-005 0 0 0 0.00183868 0.0429187 0.000403219 0.00012903 0.0035322 0.0303382 0.428816 
0.152258 0.000110229 0 0 0.0111489 0 0 0 0 0 0 0 0 0 0 0 0.105647 0.0127866 0 0 0.0140621 0.145062 0.00173217 0 0.00206286 0.000220459 0.00015747 0 0 0 0 0 0 0 0 0 0.00185815 0.0135897 0.00195263 0 0.00262976 0.0069287 0.0219041 0.00418871 0.000125976 0.00042517 4.72411e-005 0.000787352 0 0 0 0 0 3.14941e-005 0 0 0 0.00198413 0.042706 0.000488158 0.000125976 0.0034486 0.0292895 0.422241 
0.196634 5.44655e-005 0 0 0 1.36164e-005 0 0 0 0 0 0 0 0 0 0 0.128865 0.0207105 0 0 0.00611375 0.0522052 0.00144334 0 0 0 0.000245095 0 0 0 0 0 2.72327e-005 4.08491e-005 0 0 0.00238287 0.0128402 0.00156588 0 0.00121186 0.00510614 0.016149 0.00427554 0 0 0 0.000544655 0 0 0 0 0 0.000122547 0 0 2.72327e-005 0.00179736 0.0542885 0.000258711 0 0 0.0152776 0.477798 
0.103195 0 0 0 0.00347099 0 0 0 0 0 0 0 0 0 0 0 0.0938501 0.0112807 0 0 0.0105465 0.204165 0.00226949 0 0.00153524 0.000289249 0.000200249 0 0 0 0 0 0 0 0 0 0.000155749 0.0371129 0.00671947 0 0.0011125 0.0103017 0.052443 0.000155749 2.22499e-005 0.000311499 0.00011125 2.22499e-005 0 0 0 0 0 0 0 0 0 0.000467248 0.0390041 0.00151299 2.22499e-005 0.00166874 0.063123 0.354931 
0.0956098 0 0 0 0.00452112 0 0 0 0 0 0 0 0 0 0 0 0.102391 0.0104938 0 0 0.0107793 0.209471 0.00656752 0 0.00142772 0.000261749 0 0 0 0 0 0 0 0 0 0 2.37954e-005 0.0350982 0.0153718 0 0.00126115 0.00849494 0.0462106 0.00851874 2.37954e-005 0.000452112 7.13861e-005 0 0 0 0 0 0 4.75907e-005 0 0 0 0.000618679 0.048257 0.000690065 0 0.00173706 0.0613682 0.330232 
0.101891 0 0 0 0.00484836 0 0 0 0 0 0 0 0 0 0 0 0.10371 0.0111108 0 0 0.0111108 0.216207 0.00606045 0 0.00151511 0.000277771 0 0 0 0 0 0 0 0 0 0 0 0.0342921 0.0125249 0 0.0013131 0.00823212 0.0406303 0.00702002 2.52519e-005 0.000479786 7.57557e-005 0 0 0 0 0 0 5.05038e-005 0 0 0 0.000631297 0.0497967 0.000782809 0 0.00189389 0.0527007 0.33282 
0.099849 0 0 0 0.00480186 0 0 0 0 0 0 0 0 0 0 0 0.103116 0.0109156 0 0 0.0110393 0.213831 0.00660875 0 0.00148511 0.00027227 0 0 0 0 0 0 0 0 0 0 0 0.0358654 0.0139601 0 0.0012871 0.00819287 0.0430682 0.00784634 2.47519e-005 0.000470285 7.42556e-005 0 0 0 0 0 0 4.95037e-005 0 0 0 0.000594045 0.0502463 0.000767308 0 0.00185639 0.0544293 0.329348 
0.199725 0 0 0 0 0 0 0 0 0 0 0 0 0 0 0 0.223083 0.0043618 0 0 0.0187672 0.11553 0 0 0 0.00235308 0 0 0 0 0 0 0 0 0 0 0.000516529 0.0189394 0.000172176 0 5.73921e-005 0.0191116 0.0148072 0 0 0 0 0 0 0 0 0 0 0 0 0 0 0.0014348 0.0207759 0 0 0 0.157943 0.202422 
0.195369 0 0 0 0 0 0 0 0 0 0 0 0 0 0 0 0.166168 0.00279657 0 0 0.0137227 0.0842872 0 0 0 0.00136576 0 0 0 0 0 0 0 0 0 0 0.00130073 0.0317378 0.000325182 0 0 0.0236733 0.0145031 0 0 0 0 0 0 0 0 0 0 0.000195109 0 0 0 0.00461759 0.046436 0 0 0 0.17859 0.234912 
0.19222 0 0 0 0 0 0 0 0 0 0 0 0 0 0 0 0.167025 0.00221715 0 0 0.013706 0.082236 0 0 0 0.00214996 0 0 0 0 0 0 0 0 0 0 0.00134372 0.0326525 0.000134372 0 0 0.0237167 0.0148482 0 0 0 0 0 0 0 0 0 0 0.000134372 0 0 0 0.00477022 0.0498522 0 0 0 0.176498 0.236496 
0.197259 0 0 0 0 0 0 0 0 0 0 0 0 0 0 0 0.163598 0.00228433 0 0 0.0136388 0.0731658 0 0 0 0.00154528 0 0 0 0 0 0 0 0 0 0 0.00141091 0.0322494 6.71862e-005 0 0 0.0244558 0.0147138 0 0 0 0 0 0 0 0 0 0 0.000134372 0 0 0 0.0049046 0.0501209 0 0 0 0.183553 0.236899 
0.195957 0 0 0 0 0 0 0 0 0 0 0 0 0 0 0 0.165016 0.00232225 0 0 0.0137969 0.0736289 0 0 0 0.00157093 0 0 0 0 0 0 0 0 0 0 0.00136603 0.0324431 6.83013e-005 0 0 0.0237689 0.0148214 0 0 0 0 0 0 0 0 0 0 0.000136603 0 0 0 0.0049177 0.0503381 0 0 0 0.179428 0.240421 
