0.0382812 0.159465 0.010203 0 0 0.000253077 0.00113219 0.00110555 0 0 0 0 0 0 0 0 0.0128004 0.0197134 0.00442219 0 0.00542117 0.0360701 0.0514279 0.0118946 0 0 1.33198e-005 0.000293036 0 0 0 0 2.66397e-005 2.66397e-005 0 0 0.00153178 0.00824498 0.00311684 0.000226437 0.000279717 0.00155842 0.0141989 0.0175555 0 0 0 0.00110555 0 0 0 0 0 0.000652672 0.000133198 0 0.000266397 0.00149182 0.0436491 0.0110288 0 0.00107891 0.00861793 0.532714 
0.0877527 0.135553 0.00661118 0 0 0 9.51249e-005 0 0 0 0 0 0 0 0 0 0.0194055 0.0234958 0.00252081 0 0.00580262 0.0294411 0.0175505 0.00337693 0 0 9.51249e-005 0.00428062 0 0 0 0 0.000285375 0.000142687 0 0 0.00280618 0.0145541 0.00447087 9.51249e-005 0.00019025 0.00313912 0.034673 0.0256361 0 0 0 0.00123662 0 0 0 0 0 0.00175981 0.000475624 0 0 0.00347206 0.0453746 0.00456599 0 0.00123662 0.0129845 0.50692 
0.0484056 0.139528 3.82653e-005 0 1.27551e-005 0.00104592 0.00642857 0 0 0 0 0 0 0 0 0 0.0157781 0.0133418 0 0 0.00485969 0.12727 0.111837 0 0 1.27551e-005 0.000191327 0 0 0 0 0 0 2.55102e-005 0 0 0.00264031 0.00641582 0.000918367 0 0.000982143 0.00246173 0.0248724 0.00772959 0 0 3.82653e-005 0.00709184 0 0 0 0 0 7.65306e-005 1.27551e-005 0 0.000114796 0.00196429 0.0385459 0.00065051 0 0.00057398 0.0249107 0.411224 
0.0348772 0.108339 0 0 0 0.000358737 0.000239158 0 0 0 0 0 0 0 0 0 0.0223613 0.0151467 0 0 0.00751355 0.158821 0.0666454 0 0 0 0.000358737 0 0 0 0 0 0 1.99298e-005 0 0 0.00496253 0.0101642 0.000896843 0 0.00183355 0.00372688 0.0252312 0.00637755 0 0 0 0.00332828 0 0 0 0 0 5.97895e-005 0 0 0.000338807 0.00255102 0.0484893 0.000438457 0 0.000936703 0.0314892 0.444495 
0.0323755 0.107965 0 0 0 0.00040218 0.000623379 0 0 0 0 0 0 0 0 0 0.0220998 0.0149812 0 0 0.00764142 0.161938 0.068813 0 0 0 0.000321744 0 0 0 0 0 0 2.0109e-005 0 0 0.00496692 0.0101751 0.000925014 0 0.00182992 0.00384082 0.0251563 0.00643488 0 0 0 0.00299624 0 0 0 0 0 6.0327e-005 0 0 0.000382071 0.00265439 0.0486839 0.00040218 0 0.000904905 0.0336826 0.439723 
0.0342235 0.106606 0 0 0 0.000391573 0.000606939 0 0 0 0 0 0 0 0 0 0.0221043 0.0149973 0 0 0.00755737 0.160839 0.0626126 0 0 0 0.000371995 0 0 0 0 0 0 1.95787e-005 0 0 0.00485551 0.0100243 0.000920197 0 0.00178166 0.00381784 0.0255502 0.00618686 0 0 0 0.00352416 0 0 0 0 0 5.8736e-005 0 0 0.000371995 0.00258438 0.0474783 0.000430731 0 0.00088104 0.0328726 0.448332 
0.0636364 0.204793 0.0114876 0 0 0.0103306 0.028843 0 0 0 0 0 0 0 0 0 0.00396694 0.0169421 0 0 0.000247934 0.0466116 0.0884297 0.000743802 0 0 0.000909091 0.00214876 0 0 0 0 0 0.00198347 0.000247934 0 0 0.0133884 0.0077686 0 0 0.00214876 0.028595 0.00983471 0 0 0 0.00157025 0 0 0 0 0 0.00107438 0.0153719 0 0 0.000165289 0.0309917 0.00173554 0 0 0.00793388 0.398099 
0.0466297 0.15374 0.00923361 0 0 0.0103878 0.0441674 0 0 0 0 0 0 0 0 0 0.00423207 0.0256233 0.00369344 0 7.69468e-005 0.0421668 0.125577 0.000615574 0 0 0.000307787 0.00307787 0 0 0 0 0 0.0036165 0.00292398 0 0 0.0103109 0.0122345 0.000923361 0 0.000923361 0.02747 0.0129271 0 0 0 0.0024623 0 0.0151585 0.0186981 0 0 0.00300092 0.018852 0.0151585 0 7.69468e-005 0.0270083 0.00253924 0 0 0.00584795 0.350339 
0.0443519 0.129222 0.00965034 0 0 0.0108401 0.037015 0 0 0 0 0 0 0 0 0 0.00442858 0.0200939 0.0037015 0 0 0.0370811 0.137286 0.000330491 0 0 0.00317271 0.00508956 0 0 0 0 0 0.0038337 0.00264393 0 0 0.00971644 0.0132857 0.00072708 0 0.000528786 0.0260427 0.0155992 0 0 0 0.00310662 0 0.0308018 0.0277613 0 0 0.000991473 0.0280917 0.02829 0 0 0.0220107 0.00337101 0 0 0.00409809 0.336837 
0.0437374 0.120942 0.00445274 0 0 0.0108446 0.0480465 0 0 0 0 0 0 0 0 0 0.00452456 0.0186728 0.00395001 0 7.18184e-005 0.0377047 0.138753 0.00359092 0 0 0.000502729 0.0062482 0 0 0 0 0 0.00402183 0.00308819 0 0 0.00998276 0.0114191 0.000646366 0 0.000574548 0.0274346 0.0127119 0 0 7.18184e-005 0.00366274 0 0.0305228 0.0300919 0 0 0.00251365 0.0163746 0.0275065 0 0 0.0245619 0.00265728 0 0 0.00459638 0.345519 
0.0670732 0.0980815 0 0 7.43605e-005 0.00988995 7.43605e-005 0 0 0 0 0 0 0 0 0 0.0209697 0.0439471 0 0 0.00479625 0.205049 0.0576294 0 0 0 0.000632064 0 0 0 0 0 0 0 0 0 0.00148721 0.00825402 0.00215645 0 0.000371803 0.00360648 0.0290378 0.0110797 0 0 3.71802e-005 0.0111169 0 0 0 0 0 0 0 0 3.71802e-005 0.000929506 0.0169914 0.000520524 0 0.000743605 0.00951814 0.395895 
0.0359625 0.0926119 0 0 8.32466e-005 0.00770031 0 0 0 0 0 0 0 0 0 0 0.0223101 0.0191467 0 0 0.00628512 0.239875 0.0689282 0 0 0 0.000915713 0 0 0 0 0 0 0 0 0 0.00170656 0.00911551 0.00228928 0 0.000332986 0.00382934 0.030052 0.012154 0 0 0 0.00953174 0 0 0 0 0 0.000166493 0 0 0 0.000874089 0.0259313 0.000457856 0 0.000541103 0.0115713 0.397627 
0.0383186 0.098381 0 0 0.000213593 0.00875732 0 0 0 0 0 0 0 0 0 0 0.0247341 0.0204195 0 0 0.00606604 0.239438 0.0733051 0 0 0 0.000897091 0 0 0 0 0 0 0 0 0 0.00162331 0.00999616 0.00217865 0 0.000128156 0.00418642 0.0297322 0.0113204 0 0 0 0.00674954 0 0 0 0 0 4.27186e-005 0 0 4.27186e-005 0.00106797 0.0272545 0.000939809 0 0.000768935 0.0110214 0.382417 
0.0376493 0.0933701 0 0 0.000717129 0.00903582 0 0 0 0 0 0 0 0 0 0 0.0231274 0.0187529 0 0 0.00555775 0.252788 0.0863064 0 0 0 0.000860554 0 0 0 0 0 0 0 0 0 0.00136254 0.00752985 0.00276095 0 0.000215139 0.00340636 0.0300477 0.0130876 0 0 0 0.00616731 0 0 0 0 0 3.58564e-005 0 0 3.58564e-005 0.000860554 0.0161354 0.00100398 0 0.000573703 0.0086414 0.379971 
0.0621094 0.10125 0 0 0.00144531 0.0188672 0 0 0 0 0 0 0 0 0 0 0.0195313 0.0321484 0 0 0.00519531 0.205117 0.0604297 0 0 0 0.000859375 3.90625e-005 0 0 0 0 0 0 0 0 0.00148437 0.008125 0.001875 0 0.0003125 0.00355469 0.0273828 0.0136328 0 0 0 0.0113672 0 0 0 0 0 0 0 0 3.90625e-005 0.000859375 0.0174219 0.000585938 0 0.000625 0.0118359 0.393906 
0.0406377 0.107389 0 0 0.00117365 0.0091447 0.00215169 0 0 0 0 0 0 0 0 0 0.025478 0.0248912 0 0 0.00767764 0.212235 0.0415179 0 0 0 0.000537924 0 0 0 0 0 0 0 0 0 0.00190718 0.0101227 0.00283632 0 0.000293413 0.00420558 0.0288523 0.00606387 0 0 0 0.00880239 0 0 0 0 0 4.89021e-005 0 0 0 0.00122255 0.0219571 0.000537924 0 0.000537924 0.0104162 0.429361 
0.0411754 0.101414 0 0 0.00194674 0.00988062 0.00679523 0 0 0 0 0 0 0 0 0 0.0229936 0.0198714 0 0 0.00628099 0.226703 0.0654913 3.67309e-005 0 0 0.000881543 3.67309e-005 0 0 0 0 0 0 0 0 0.00143251 0.00782369 0.00253444 0 0.000220386 0.00304867 0.0320661 0.0112397 0 0 0 0.00679523 0 0 0 0 0 0 0 0 0 0.000808081 0.017337 0.000661157 0 0.000514233 0.00859504 0.403416 
0.0384056 0.0931514 0 0 0 0.0029692 0.0139533 0 0 0 0 0 0 0 0 0 0.0254808 0.0139727 0 0 0.0082866 0.163151 0.0618293 0 0 1.94065e-005 0.000446351 0 0 0 0 0 0 0 0 0 0.00298861 0.00915989 0.00161074 0 0.00100914 0.004153 0.0373576 0.00646238 0 0 0.00197947 0.00700576 0 0 0 0 0 0.000659823 9.70327e-005 0 0.000194065 0.00215413 0.0279648 0.000892701 0 0.000640416 0.021483 0.452522 
0.0381258 0.0946668 0 0 0 0.00308913 0.0115792 0 0 0 0 0 0 0 0 0 0.0229791 0.0139708 0 0 0.00823103 0.166514 0.0784439 0 0 1.99298e-005 0.000697545 0 0 0 0 0 0 0 0 0 0.00350765 0.00839047 0.00131537 0 0.00121572 0.00424506 0.0364517 0.00641741 0 0 0.00179369 0.00665657 0 0 0 0 0 0.000717474 1.99298e-005 0 0.000338807 0.00197305 0.0270049 0.000856983 0 0.000856983 0.0202886 0.439633 
0.0370233 0.0942909 0 0 1.95787e-005 0.00342627 0.0123541 0 0 0 0 0 0 0 0 0 0.0232203 0.0142533 0 0 0.00847756 0.166614 0.0789803 0 0 0 0.00058736 0 0 0 0 0 0 0 0 0 0.00326964 0.00841883 0.00139009 0 0.00115514 0.0041311 0.0367492 0.00671548 0 0 0.00258438 0.00636307 0 0 0 0 0 0.000606939 3.91573e-005 0 0.00029368 0.00191871 0.0270773 0.00105725 0 0.000743989 0.0202835 0.437955 
0.0502402 0.0882561 8.60867e-005 0 1.72173e-005 0.00378781 0.017906 0 0 0 0 0 0 0 0 0 0.0233123 0.0145659 0 0 0.00623268 0.187566 0.0661834 0 0 8.60867e-005 0.0034779 0.000275477 0 0 0 0 0 0 0 0 0.00263425 0.0067492 0.00106747 0 0.00115356 0.00359842 0.0376715 0.0095384 0 0 0.00358121 0.00747232 0 0 0 0 0 0 0 0 0.000189391 0.00161843 0.0180782 0.00105026 0 0.00077478 0.0214184 0.421411 
0.0352073 0.0929697 0 0 0 0.00468193 0.0146775 0 0 0 0 0 0 0 0 0 0.0227036 0.0143245 0 0 0.00758026 0.173101 0.089161 0 0 1.85791e-005 0.00107759 0 0 0 0 0 0 0 0 0 0.0027497 0.00679994 0.0015978 0 0.00104043 0.00349287 0.0361735 0.00800758 0 0 0.0031956 0.00544367 0 0 0 0 0 0 0 0 0.000260107 0.0015978 0.0194151 0.00102185 0 0.000631688 0.0194709 0.433598 
0.0228731 0.0640554 0.0037048 0 0 0.0140943 0.102929 0 0 0 0 0 0 0 0 0 0.015383 0.00400011 0 0 0.00459073 0.158447 0.0818545 0 0 0 0.00059062 0 0 0 0 0 0 0 0 0 0.000241617 0.318022 0.000993315 0 0.000322156 0.0389004 0.0195173 0.0044028 0 0 0 0.000322156 0 0 0 0 0 0 0 0 0.00029531 0.000268464 0.0048055 0.000429542 0 0 0.0336922 0.105265 
0.111662 0.14995 0.0207008 0 0 0.00263146 0.0663129 0 0 0 0 0 0 0 0 0 0.0190343 0.0146046 0.000131573 0 0.00578922 0.0417964 0.0487259 0.0019736 0 0 0.000350862 0.000438577 0 0 0 0 0 0 0 0 0.00175431 0.0119293 0.00460506 0 8.77155e-005 0.0053945 0.0275865 0.00307004 0 0 0 0.000175431 0 0 0 0 0 0.000219289 0.000175431 0 4.38577e-005 0.00232446 0.056708 0.00201746 0 0.000614008 0.0169291 0.382264 
0.0680272 0.171873 0.0086538 0 0 0.00236013 0.0201305 0 0 0 0 0 0 0 0 0 0.0288306 0.0159656 0.000601601 0 0.00661761 0.0493776 0.0548845 0.00314684 0 0 0 0.00171225 0 0 0 0 0 0 0.000416493 0 0.00273034 0.016706 0.00749688 0.00115693 9.2554e-005 0.00657134 0.0303114 0.00439632 0 0 0 4.6277e-005 0 0 0 0 0 0.000370216 0.000879263 0.00171225 0 0.00300801 0.156925 0.0176778 0 0.00115693 0.0129576 0.303207 
0.0636056 0.138853 0.0190557 0 0 0.00422737 0.0381113 0 0 0 0 0 0 0 0 0 0.0220473 0.0167144 0.000650364 0 0.00773933 0.0496878 0.0704995 0.00559313 0 0 0.000260146 0.00266649 0 0 0 0 0 0 0.000780437 0 0.00253642 0.0139178 0.0100156 0.000845473 0.000390219 0.00728408 0.0652966 0.00663371 0 0 0 0.000390219 0 0 0 0 0 6.50364e-005 0.000650364 0.00227627 0 0.00130073 0.091051 0.0281608 0 0.000715401 0.0336238 0.294355 
0.138711 0.139369 0.0176132 0 0 0.00406036 0.0519616 0 0 0 0 0 0 0 0 0 0.0192593 0.0131139 0.000164609 0 0.00735254 0.050535 0.0624966 0.00466392 0 0 0.000493827 0.00219479 0 0 0 0 0 0 0 0 0.0018107 0.014321 0.0061454 0 0.000438957 0.00537723 0.0385734 0.00510288 0 0 0 0.000384088 0 0 0 0 0 5.48697e-005 0.000713306 0 0 0.00109739 0.0638683 0.00290809 0 0.00142661 0.0132236 0.332565 
0.0929845 0.171891 0.0195006 0 0 0.000856124 0.0277289 0 0 0 0 0 0 0 0 0 0.0249227 0.0136504 0 0 0.00789536 0.0439952 0.0390012 0.003044 0 0 0 0.000951249 0 0 0 0 0 0 0 0 0.0019025 0.019453 0.00485137 0 0.000332937 0.0086088 0.0348157 0.00328181 0 0 0 0.000142687 0 0 0 0 0 0.000237812 4.75624e-005 0 0.00019025 0.00366231 0.166801 0.000903686 0 0.000951249 0.0268252 0.280571 
0.0929242 0.142024 0.00532186 0 0 0.00504419 0.028229 0 0 0 0 0 0 0 0 0 0.0188347 0.0112916 0 0 0.0104586 0.0594197 0.0962562 0.00425749 0 0 4.6277e-005 0.0012032 0 0 0 0 0 0 0 0 0.00203619 0.0118932 0.00421121 0 9.2554e-005 0.00596973 0.0932019 0.00601601 0 0 0 0.000323939 0 0 0 0 0 0 9.2554e-005 0 0 0.000879263 0.0497478 0.00124948 0 0.00046277 0.0165209 0.331991 
0.122196 0.139062 0.019607 0 0 0.00139147 0.0257632 0 0 0 0 0 0 0 0 0 0.0341542 0.0118485 4.21656e-005 0 0.0169506 0.0441052 0.0446112 0.0111317 0 0 8.43313e-005 0.00328892 0 0 0 0 0 0 0 0 0.00198178 0.014758 0.00480688 0 0.000421656 0.00657784 0.0510626 0.00889695 0 0 0 0.00274077 0 0 0 0 0 0 4.21656e-005 0 4.21656e-005 0.00164446 0.100396 0.0012228 0 0.000801147 0.0304857 0.299882 
0.111977 0.143957 0.0296833 0 0 0.000135129 0.00563038 0 0 0 0 0 0 0 0 0 0.0449529 0.00896356 0.000405387 0 0.0115761 0.0265303 0.0231972 0.00144138 0 0 0 9.0086e-005 0 0 0 0 0.00090086 9.0086e-005 0 0 0.0071168 0.018828 0.00139633 0 0.000225215 0.00472952 0.0289627 0.00333318 0 0 0 4.5043e-005 0 0 0 0 0 0.000945903 0.000225215 0 0 0.00445926 0.0546372 0.000135129 0 0.000540516 0.0668438 0.398045 
0.0491349 0.156817 0.00456747 0 0 0.00235294 0.073218 0.00733564 0 0 0 0.000138408 0 0 0 0 0.00512111 0.0394464 0 0 0.00110727 0.0463668 0.0265744 0.00290657 0 0 0.00636678 0.00678201 0 0 0 0 0 0 0 0 0 0.0109343 0.00456747 0 0 0.00262976 0.0945329 0.0184083 0 0 0 0.00553633 0 0 0 0 0 0.000138408 0 0 0 0.000276817 0.0262976 0.00415225 0 0 0.0137024 0.390588 
0.0656118 0.179707 0.000870954 0 0 0.00377413 0.0571926 0.103789 0 0 0 0.00406445 0 0 0 0 0.00653215 0.0272899 0 0 0.000145159 0.0368704 0.0272899 0.00449993 0 0 0.00188707 0.00377413 0 0 0 0 0 0 0 0 0 0.00958049 0.00870954 0 0 0.00377413 0.0820148 0.011903 0 0 0 0.00217738 0 0 0 0 0 0 0 0 0 0.000290318 0.0217738 0.00638699 0 0 0.0179997 0.312092 
0.0628538 0.175497 0.000580636 0 0 0.00275802 0.0436928 0.0943533 0 0 0 0.0177094 0 0 0 0 0.00682247 0.0300479 0 0 0.00101611 0.0384671 0.0265641 0.00827406 0 0 0.0024677 0.011903 0 0 0 0 0 0 0 0 0 0.0101611 0.0108869 0 0 0.0049354 0.0830309 0.010016 0 0 0 0.00275802 0 0 0 0 0 0 0 0 0 0.000145159 0.0201771 0.00667731 0 0 0.015532 0.312672 
0.0229277 0.119314 0.000587889 0 0 8.39842e-005 0.000111979 0 0 0 0 0 0 0 0 0 0.0202962 0.0394446 0.00251953 0 0.00618684 0.042748 0.0536379 0.00291145 0 0 0.0005319 2.79947e-005 0 0 0 0 0 0 0 0 0.00615884 0.0109459 0.00540298 0.000783853 0.000643879 0.00282747 0.053246 0.0283307 0 0 0.000139974 0.000447916 0 0 0 0 0 5.59895e-005 0.000587889 0.000755858 0.000615884 0.00209961 0.0550377 0.0579771 0 0.00139974 0.0151452 0.446068 
0.0171779 0.0638208 0.000452844 0 0 0 0 0 0 0 0 0 0 0 0 0 0.0266876 0.0247253 0.000935877 0 0.00649076 0.044741 0.0404842 0.000211327 0 0 0.000603792 3.01896e-005 0 0 0 0 0 6.03792e-005 0.000150948 0 0.00742664 0.0115324 0.00709455 0.000483033 0.000966067 0.00298877 0.0663869 0.0338425 0 0 0 0.000935877 0 0 0 0 0 0.000392465 0.0011472 0.00283782 0.00120758 0.00365294 0.1226 0.0535865 0 0.00172081 0.021344 0.433281 
0.0661987 0.0827127 0.0165854 0 0 0 0.000214158 0 0 0 0 0 0 0 0 0 0.00249851 0.0141582 0.0100416 0 0.00237954 0.0264604 0.0527543 0.00414039 0 0 0.000690065 0.00173706 0 0 0 0 0 2.37954e-005 0 0 2.37954e-005 0.00797145 0.00711481 0.000142772 0 0.00178465 0.0644378 0.0970613 0 0 0 0.00340274 0 0 0 0 0 0.000380726 0.000142772 0 0 0.00116597 0.0596074 0.00259369 0 0 0.00404521 0.46953 
0.0591976 0.0367673 0 0 0 0 0 0 0 0 0 0 0 0 0 0 0.0360735 0.194011 0.013412 0.00612788 0.0202336 0.0699503 0.0183836 0.00150306 0 0 0.000462481 0.000809342 0 0 0 0 0.00011562 0 0 0.00011562 0.00531853 0.024049 0.00578101 0.00369985 0.00346861 0.0218522 0.0328362 0.0184992 0 0 0 0.00104058 0 0 0 0 0 0.00150306 0.000346861 0 0.00358423 0.0167649 0.0492542 0.00531853 0 0.012487 0.145913 0.19112 
0.0413223 0.119988 0.00387716 0 0 0.000204061 0.000204061 0 0 0 0 0 0 0 0 0 0.016937 0.0332619 0.00612182 0 0.00989695 0.0591776 0.0715233 0.00183655 0 0 0 0.00010203 0 0 0 0 0 0 0 0 0.00326497 0.0170391 0.00489746 0.000204061 0.000204061 0.0070401 0.0474441 0.0121416 0 0 0 0.000510152 0 0 0 0 0 0.00010203 0.00010203 0 0 0.00214264 0.0556066 0.00326497 0 0.000408122 0.0120396 0.469136 
0.0501874 0.161391 0.0104123 0 0 0.000208247 0.00156185 0 0 0 0 0 0 0 0 0 0.0195752 0.0416493 0.012703 0 0.00739275 0.0609121 0.0562266 0.0031237 0 0 0 0.000104123 0 0 0 0 0 0 0 0 0.00208247 0.0150979 0.00614327 0.00031237 0.000520616 0.00635152 0.0531029 0.0093711 0 0 0 0.000208247 0 0 0 0 0 0 0 0 0 0.00156185 0.0643482 0.00343607 0 0.00062474 0.0118701 0.399521 
0.0334 0.1618 0.0153 0 0 0 0 0 0 0 0 0 0 0 0 0 0.0188 0.0585 0.0066 0 0.0091 0.0674 0.0491 0.0024 0 0 0.0001 0.0001 0 0 0 0 0 0.0006 0.0002 0 0.0014 0.0162 0.0089 0.0005 0.0001 0.0063 0.046 0.0103 0 0 0 0.0002 0 0 0 0 0 0.0002 0.0004 0.0005 0 0.0013 0.0536 0.0492 0 0.0004 0.0116 0.3695 
0.03719 0.126868 0 0 0 5.75104e-005 0 0 0 0 0 0 0 0 0 0 0.0157674 0.0206941 5.75104e-005 0 0.00755303 0.0745047 0.170144 0.000968091 0 0 0 0 0 0 0 0 0 0 0 0 0.00546349 0.00755303 0.00400656 9.58506e-005 0.000680539 0.00262631 0.0152307 0.000488838 0 8.62656e-005 0 0 0 0 0 0 0.000153361 4.79253e-005 4.79253e-005 0 0.00165822 0.00403531 0.0626576 0.000920166 0 0.00373817 0.0223715 0.414333 
0.0211051 0.0871525 0 0 0.00416638 0.010655 0.000273205 0.00334677 0.000273205 0 0 0 0 0 0 0 0.0120893 0.0230859 0 0 0.0128407 0.12424 0.14555 0.00840107 0.0158459 0.0099037 0.00655693 0.00163923 0.00539581 0.0161191 0 0 0 0 0 0 0.00389318 0.0128407 0.00218564 0 0.000341507 0.00826446 0.0386586 0.0279352 0.00389318 0.0910457 0.00259545 0.00163923 0 0 0 0 0 0 0 0 0 0.00129773 0.043508 0.00314186 0 0.00361997 0.0107233 0.235776 
0.0150234 0.0828564 6.50364e-005 0 0.000585328 0.00442248 0.000780437 0.0014308 0.000195109 0 0 0 0 0 0 0 0.00864984 0.0180151 0 0 0.0105359 0.103278 0.130333 0.0112513 0.0091051 0.00741415 0.00786941 0.00221124 0.00188606 0.0091051 0 0 0 0 0 0 0.00201613 0.0102758 0.00104058 0 0.000455255 0.0126171 0.049948 0.0343392 0.00390219 0.107635 0.00364204 0.00188606 0 0 0 0 0 0 0 0 0 0.00117066 0.0360302 0.00526795 0 0.00995057 0.0163892 0.278421 
0.0663132 0.0985374 0.000291358 0.000116543 0.00128198 0.0152672 0.0065847 0.0110716 0.000582717 0 0 0 0 0 0 0 0.00640988 0.0114212 0 0 0.00518618 0.0541926 0.0779675 0.00425383 0.0148593 0.00850766 0.00396247 0.00163161 0.00833285 0.0181808 0 0 0 0 0 0 0 0.00856593 0.00186469 0 0.000407902 0.00903211 0.0511625 0.0237166 0.0259892 0.118466 0.0030884 0.00256395 0 0 0 0 0 0.000291358 0 0 0 0.00069926 0.0294272 0.00262222 0 0.0103724 0.0105472 0.28623 
0.0601183 0.0959172 0.000118343 0 0.00183432 0.0132544 0.00414201 0.0113018 0.000295858 0 0 0 0 0 0 0 0.00544379 0.0111243 0 0 0.00461538 0.0569231 0.0798225 0.0052071 0.0142012 0.0102367 0.00461538 0.00189349 0.00846154 0.0180473 0 0 0 0 0 0 0.000118343 0.00846154 0.00136095 0 0.000473373 0.00822485 0.0486982 0.0224852 0.0198817 0.136331 0.00467456 0.00218935 0 0 0 0 0 0.000118343 5.91716e-005 0 0 0.000650888 0.0305917 0.00248521 0 0.00893491 0.00857988 0.288107 
0.086016 0.11296 0.002496 0.002944 0.002112 0.021696 0.014272 0.006144 0.000384 0 0 0 0 0 0 0 0.00736 0.009408 0 0 0.005888 0.034752 0.059904 0.001984 0.014784 0.009216 0.004544 0.001408 0.010816 0.019648 0.000128 0 0 0 0 0 6.4e-005 0.008896 0.001472 0 0.000448 0.01088 0.049856 0.020992 0.02368 0.114048 0.00416 0.001152 0 0 0 0 0 6.4e-005 6.4e-005 0 0 0.000576 0.030912 0.00224 0 0.007424 0.009088 0.28512 
0.0341801 0.129504 8.96411e-006 0 0 0.00015239 0 0 0 0 0 0 0 0 0 0 0.0141454 0.0219262 8.96411e-006 0 0.00707268 0.0671143 0.165585 0.00103984 8.96411e-006 8.96411e-006 0 0 0 0 0 0 0 0 0 0 0.00475098 0.00721611 0.00352289 8.96411e-006 0.000663344 0.00465237 0.0162878 0.000403385 0 6.27488e-005 0 0 0 0 0 0 0.000125498 0.00233067 1.79282e-005 0 0.00130876 0.00423106 0.0587687 0.0013984 0 0.00190935 0.0258166 0.425768 
0.00884688 0.0948204 0.0383365 0 0 0.00461248 0.0428733 0 0 0 0 0 0 0 0 0 0.000302457 0.00952741 0.000151229 0 0 0.0623062 0.151531 0.00143667 0 0 0.0015879 0.00196597 0 0 0 0 0 0 0 0 0 0.00839319 0.0219282 0 0 0.000907372 0.0629868 0.0105104 0 0 7.56144e-005 0.000907372 0 0 0 0 0 0 0.00219282 0 0 0.000907372 0.0435539 0.0226843 0 0 0.0037051 0.402949 
0.00717474 0.10515 0.03978 0 0 0.00749362 0.0408163 0 0 0 0 0 0 0 0 0 0.000876913 0.00701531 0 0 0 0.064493 0.152105 0.00167411 0 0 0.00135523 0.00127551 0 0 0 0 0 0 0 0 0 0.00773278 0.0165019 0 0 0.000717474 0.0580357 0.00765306 0 0 7.97194e-005 0.00111607 0 0 0 0 0 0 0.00302934 0 0 0.000398597 0.0430485 0.0153858 0 0 0.00310906 0.413983 
0.00635161 0.0921739 0.0295652 0 0 0.00393195 0.0455198 0 0 0 0 0 0 0 0 0 0.000453686 0.00862004 0.000151229 0 0 0.0653308 0.161664 0.00189036 0 0 0.00143667 0.00272212 0 0 0 0 0 0 0 0 0 0.00725898 0.0182987 0 0 0.000680529 0.0634405 0.0116446 0 0 0 0.000378072 0 0 0 0 0 0 0.00257089 0 0 0.0010586 0.0450662 0.0216257 0 0 0.00294896 0.405217 
0.00900901 0.102264 0.0421232 0 0 0.00649298 0.0448827 0 0 0 0 0 0 0 0 0 0.00073046 0.00771041 0.000162324 0 0 0.0630631 0.147715 0.00146092 0 0 0.00178557 0.0012986 0 0 0 0 0 0 0 0 0 0.00868436 0.0168006 0 0 0.00073046 0.0593296 0.00811622 0 0 0 0.00105511 0 0 0 0 0 0 0.00357114 0.000243487 0 0.000568136 0.042042 0.0151773 0 0 0.0049509 0.410032 
0.00839319 0.0965595 0.0381853 0 0 0.00778828 0.0421172 0 0 0 0 0 0 0 0 0 0.000756144 0.00801512 7.56144e-005 0 0 0.0593573 0.153724 0.00151229 0 0 0.00181474 0.0021172 0 0 0 0 0 0 0 0 0 0.00854442 0.0149716 0 0 0.000831758 0.060794 0.00937618 0 0 0.000151229 0.000907372 0 0 0 0 0 0 0.00446125 0.000151229 0 0.000529301 0.0441588 0.0186011 0 0 0.00385633 0.41225 
0.00534722 0.0873611 0.0279167 0 0 0.00430556 0.0479861 0 0 0 0 0 0 0 0 0 0.000416667 0.00833333 0 0 0 0.0652778 0.170347 0.00194444 0 0 0.00159722 0.00236111 0 0 0 0 0 0 0 0 0 0.00763889 0.0190972 0 0 0.00104167 0.0593056 0.0136806 0 0 0.000138889 0.00138889 0 0 0 0 0 0 0.00256944 0 0 0.00118056 0.0422222 0.0227778 0 0 0.00395833 0.401806 
