0.00611111 0.000416667 0 0 0 0 0 0 0 0 0 0 0 0 0 0 0.0309028 0.0433333 0 0 0.000208333 0.0186806 0.000416667 0 0 0 0 0 0 0 0 0 0.00166667 0.0261806 0 0 0.00381944 0.12 0.00847222 0 0 0.0102778 0.0505556 0.00104167 0 0.000277778 0.000486111 0.000416667 0 0 0 0 0 0.0769444 0.0753472 0 0 0.00576389 0.0958333 0.00784722 0 0.000486111 0.0315972 0.382917 
0.015597 0.000201594 0.000106102 0 0 0 0 0 0 0 0 0 0 0 0 0 0.0624516 0.00445628 0.000498679 0 0.000774544 0.00471093 0.00251462 0.00138994 0 0 0 9.54917e-005 0 0 0 0 0.0344195 0.00500801 0 0 0.0010398 0.0302815 0.00201594 0.00219631 0 0.00111407 0.0071831 0.00588866 0 0 0 1.06102e-005 0.00550669 0.0271197 0 0 0 0.208299 0.00241912 0 0 0.00313001 0.076595 0.0135917 0 0 0.0112999 0.470085 
0.00533497 0.000752368 0.00023939 0 0 0 0 0 0 0 0 0 0 0 0 0 0.103827 0.00420642 0.00153894 0 0.00116275 0.00649773 0.00420642 0.00102596 0 0 6.83971e-005 0.000410383 0 0 0 0 0.0535891 0.00311207 0 0 0.00208611 0.0377552 0.00461681 0.000410383 0 0.00321466 0.0288978 0.0272563 0 0 0 3.41986e-005 0.0214425 0.0233234 0 0 6.83971e-005 0.188434 0.00119695 0 0 0.00653192 0.0667898 0.00817346 0 0 0.0148422 0.378954 
0.0536704 0.0328515 0.015625 0 0 0.00437154 0.0651402 0 0 0 0 0 0 0 0 0 0.126948 0.00714162 0 0 0.0467884 0.0895949 0.00324619 0 0 0 0.00017313 4.32825e-005 0 0 0 0 0.0154519 0.0109072 0 0 0.000605956 0.0788608 0.00186115 0 0 0.00467452 0.0192175 0.00164474 0 0 0 8.65651e-005 0 0 0 0 0 0.0989006 0.000735803 0 0 0.000649238 0.0470481 0.00116863 0 0 0.0133743 0.259219 
0.0269655 0.0226696 0.0136639 0 0 0.00388179 0.0484447 0 0 0 0 0 0 0 0 0 0.0806376 0.00424409 0 0 0.0180632 0.111019 0.00300192 0 0 0 0.000103514 0.000155271 0 0 0 0 0.0194607 0.0101962 0 0 0.000621086 0.116505 0.00243259 0 0 0.00512396 0.0212722 0.00113866 0 0 0 5.17572e-005 0 0 0 0 0 0.107086 0.000931629 0 0 0.0007246 0.0497386 0.0014492 0 0 0.0151648 0.315253 
0.0112957 0.0227608 0.0106183 0 0 0.0045386 0.098867 0 0 0 0 0 0 0 0 0 0.0465038 0.00272655 0 0 0.023489 0.219699 0.00452167 0 0 0 0.000135481 1.69351e-005 0 0 0 0 0.00536842 0.00337008 0 0 0.000321767 0.150096 0.0028959 0 0.000152416 0.0352589 0.0826432 0.00204915 0 0 0 1.69351e-005 0 0 0 0 0 0.0379515 0.000863689 0 0.000338702 0.0250131 0.0506528 0.000728209 0 0 0.0275195 0.129587 
0.0226129 0.0186557 0.0127198 0 0 0.00288315 0.0375375 0 0 0 0 0 0 0 0 0 0.0723048 0.00429646 0 0 0.00537057 0.0251003 0.00361807 0 0 0 0.000226129 0 0 0 0 0 0.0198428 0.00915823 0 0 0.000847985 0.0819153 0.00248742 0 0 0.00870598 0.0262875 0.00141331 0 0 0 5.65323e-005 0 0 0 0 0 0.106563 0.00101758 0 0 0.000678388 0.0907344 0.00101758 0 0 0.103398 0.340551 
0.0467846 0.0320916 0.0181894 0 0.00049948 0.00453694 0.0688866 0 0 0 0 0 0 0 0 0 0.0667222 0.00653486 0 0 0.00382934 0.0859938 0.0196878 0 0 0.00582726 0.0137357 4.16233e-005 0 0 0 0 0.0153174 0.00998959 0 0 0.000582726 0.0765036 0.00403746 0 0 0.0107804 0.0830385 0.00432882 0 0.0012487 0.000665973 0.00062435 0 0 0 0 0 0.095692 0.000998959 0 0 0.00037461 0.0456191 0.00174818 0 0 0.0132778 0.261811 
0.020237 0.0237048 0.0114901 0 0.000258786 0.00331246 0.052223 0 0 0 0 0 0 0 0 0 0.0634025 0.00538274 0 0 0.0039853 0.0307437 0.00455463 0 0 0.00957507 0.000258786 0.000103514 0 0 0 0 0.0167176 0.00864344 0 0 0.000931629 0.0819316 0.00295016 0 0 0.0420786 0.0803271 0.00196677 0 0.000310543 0.00429584 0.000258786 0 0.000103514 0 0 0 0.111899 0.00155271 0 0 0.000103514 0.0496869 0.00310543 0 0 0.0213239 0.342581 
0.00169099 0.00151299 8.89996e-005 0 8.89996e-005 0.000622998 0.00169099 0 0 0 0 0 0 0 0 0 0.0438768 0.00293699 0 0 0.00694197 0.0194909 0.000978996 0 0.000355999 0.00364899 8.89996e-005 0 0 0 0 0 0.0230509 0.010324 0 0 0.00177999 0.0873976 0.00222499 0 0 0.0195799 0.0664827 0.001068 0 0.00160199 0.000800997 8.89996e-005 0 0 0 0 0 0.114187 0.000978996 0 0 0.000355999 0.0651477 0.001246 0 0 0.0224279 0.497241 
0.0109457 0.0243729 0.0229878 0 0.00011542 0.00690597 0.101743 0 0 0 0 0 0 0 0 0 0.0195252 0.00134657 0 0 0.00265466 0.0548823 0.00453986 0 0 0.107783 0.00144275 0 0 0 0 0 0.00557864 0.00282779 0 0 0.000654047 0.0638273 0.00140428 0 7.69468e-005 0.0518621 0.210219 0.000480917 0 0 0.00132733 0.00011542 0 0 0 0 0 0.0457256 0.000923361 0 1.92367e-005 0.000365497 0.0305286 0.000442444 0 0 0.0812558 0.143121 
0.0300244 0.0190936 0.000328392 0 0.000187652 0.00440983 0.0293207 0 0 0 0 0 0 0 0 0 0.0623475 0.00633327 0 0 0.00544192 0.0278195 0.00957028 0 0 0.00272096 0.000375305 0 0 0 0 0 0.013511 0.0120098 0 0 0.000891349 0.0897448 0.002158 0 0 0.0117283 0.0405329 0.0282886 0 0 0 0.000234566 0 0 0 0 0 0.123898 0.00117283 0 0 0.000281479 0.0352318 0.00131357 0 0 0.0348564 0.406174 
0.00349287 0.00817479 0.00393876 0 0 0.000278686 0.0232424 0 0 0 0 0 0 0 0 0 0.0488444 0.0156622 0 0 0.00152348 0.0282959 0.0188392 0.000297265 0 0 0.000297265 0.000743163 0 0 0 0 0.0068371 0.0118534 0 0 0.000222949 0.0891424 0.0210872 1.85791e-005 0 0.00152348 0.0304883 0.00689284 0 0 0 1.85791e-005 0 0 0 0 0 0.124758 0.0119092 0.000167212 0 0.000297265 0.0532476 0.0288347 0 0 0.00746879 0.451602 
0.0192125 0.00729686 0.00335733 0 0 0.000349318 0.0333793 0 0 0 0 0 0 0 0 0 0.0631101 0.012983 0 0 0.00151371 0.020668 0.015273 0 0 0 0.000310505 0.00100914 0 0 0 0 0.0146131 0.0195618 0 0 0.000174659 0.0860874 0.0140697 0 0 0.00180481 0.0250733 0.00586078 0 0 0 3.88131e-005 0 0 0 0 0 0.10662 0.0156805 3.88131e-005 0 0.000718042 0.0550564 0.0265482 0 0 0.00739389 0.442198 
0.0246125 0.0157656 0.0205293 0 0 0.000812854 0.0206616 0 0 0 0 0 0 0 0 0 0.0682987 0.0140265 0 0 0.00177694 0.0152363 0.0151418 0 0 0 0.000113422 1.89036e-005 0 0 0 0 0.0105293 0.0181474 0 0 9.4518e-005 0.0886957 0.00892249 0 0 0.00149338 0.0253497 0.00417769 0 0 0 7.56144e-005 0 0 0 0 0 0.0919282 0.0244802 0 0 0.000491493 0.0603025 0.0274669 0 0 0.00722117 0.433629 
0.0247216 0.016237 0.000429282 0 0 0.00121209 0.0351254 0 0 0 0 0 0 0 0 0 0.0767657 0.00338375 0 0 0.00282821 0.0252014 0.0104543 0.0013131 0 0.000580793 0.000858564 0.00444433 0 0 0 0 0.0173986 0.0129037 0 0 0.000909068 0.0823717 0.00547966 0 0 0.00911593 0.0418424 0.0158582 0 0 0.000202015 0.00121209 0 7.57557e-005 0 0 0 0.100528 0.00128785 0 0 0.000580793 0.0434837 0.00106058 0 0 0.0134593 0.448676 
0.0341188 0.0199471 0.000412531 0 4.85331e-005 0.00101919 0.036327 0 0 0 0 0 0 0 0 0 0.0727996 0.00337305 0 0 0.00359145 0.0281249 0.0104103 0.000897862 0 0.000946395 0.000994928 0.00378558 0 0 0 0 0.0188308 0.0127642 0 0 0.000825063 0.0807833 0.00541144 0 0 0.0102162 0.0443835 0.0155063 0 0 0.000242665 0.000752263 0 0 0 0 0 0.105171 0.00143173 0 0 0.000412531 0.0442379 0.00104346 0 0 0.0140746 0.427115 
0.0396525 0.0205936 0.0006683 0 0 0.00116334 0.0289349 0 0 0 0 0 0 0 0 0 0.0780179 0.00304448 0 0 0.00403455 0.0257914 0.0100988 0.00143561 0 0.00108908 0.00118809 0.00368803 0 0 0 0 0.0221777 0.0185391 0 0 0.00106433 0.0738101 0.00559392 0 0 0.0120047 0.0415089 0.0144551 0 0 0.000321774 0.000693052 0 2.47519e-005 0 0 0 0.102398 0.00121284 0 0 0.000346526 0.0405188 0.0013861 0 0 0.0130442 0.431499 
0.025945 0.0114305 0 0 0 0.000792214 0.0290573 0 0 0 0 0 0 0 0 0 0.0737607 0.00314056 0 0 0.00353667 0.026624 0.00758262 0.00107515 0 0.00101856 0.000820507 0.00220688 0 0 0 0 0.0203712 0.0132979 0 0 0.00076392 0.0812868 0.00520598 0 0 0.0103837 0.039837 0.0121944 0 0 8.488e-005 0.0012732 0 0 0 0 0 0.107543 0.00132979 0 0 0.000735627 0.0401766 0.000792214 0 0 0.0133545 0.464379 
0.0440008 0.0282274 0.00457865 0 0 0.00212907 0.0383233 0 0 0 0 0 0 0 0 0 0.078707 0.00627275 0 0 0.00283876 0.0256633 0.0102104 0.0010302 0 0.000457865 0.000801264 0.00370871 0 0 0 0 0.0160253 0.0148577 4.57865e-005 0 0.000618118 0.0796227 0.00503651 0 0 0.00771502 0.0387125 0.0130492 0 0 0 0.000938623 0 9.1573e-005 0 0 0 0.0993338 0.00144227 0 0 0.000457865 0.0383233 0.000869943 0 0 0.0124081 0.423502 
0.0337188 0.0173469 0.00362812 0 0 0.0014966 0.0235601 0 0 0 0 0 0 0 0 0 0.0708844 0.00487528 0 0 0.00263039 0.0277324 0.011542 2.26757e-005 0 0.000249433 0.000793651 0.000498866 0 0 0 0 0.0147392 0.012449 4.53515e-005 0 0.000680272 0.0829932 0.00442177 0 0 0.00936508 0.0443311 0.0146032 0 0 0.000249433 0.00117914 0 0 0 0 0 0.12483 0.00210884 0 0 0.000430839 0.043424 0.00145125 0 0 0.015102 0.428617 
0.0210391 0.0136135 0.000297022 0 0 0.0013366 0.0124007 0 0 0 0 0 0 0 0 0 0.0681171 0.00418306 0 0 0.00366328 0.0272518 0.0113116 0.000247519 0 0.000247519 0.000990074 0.000420782 0 0 0 0 0.016361 0.0122027 0 0 0.000866315 0.0883641 0.00532165 0 0 0.0102968 0.0480434 0.0140343 0 0 0.000297022 0.00153462 0 0 0 0 0 0.123759 0.00178213 0 0 0.000618797 0.0478453 0.00136135 0 0 0.0157917 0.4464 
0.0282747 0.00672796 0.000605733 0 0 0.000475933 0.0003245 0 0 0 0 0 0 0 0 0 0.08 0.00106003 0 0 0.00192537 0.0356084 0.000670633 0 0 2.16333e-005 2.16333e-005 0 0 0 0 0 0.0240995 0.0105354 0 0 0.000713899 0.0508599 0.00287723 0 0 0.0154678 0.111823 0.000757166 0 0 0.000367766 0.000302866 0 0.000605733 0 0 0 0.0824446 2.16333e-005 0 0 0.0027907 0.0406057 0.0003894 0 0 0.0162899 0.483332 
0.0149012 0.00795965 0.000555324 0 0 0.000231385 0.00879263 0 0 0 0 0 0 0 0 0 0.0999121 0.00772826 0 0 0.00740432 0.0310982 0.00273034 0 0 0 0 4.6277e-005 0 0 0 0 0.0516451 0.029571 0 0 0.000694155 0.0758018 0.00615484 0 0 0.00397982 0.0428988 0.00800592 0 0 0 0 0.0056458 0.00763571 0 0 0 0.0939886 0.0224906 0 0 0.00138831 0.105743 0.00837614 0 0 0.0105974 0.344023 
0.0287111 0.0104 0.00257778 0 0 0.000177778 0.0154667 0 0 0 0 0 0 0 0 0 0.0726667 0.00831111 0.000222222 0 0.00133333 0.0249333 0.00284444 4.44444e-005 0 0 8.88889e-005 4.44444e-005 0 0 0 0 0.0286222 0.0396 0.00262222 0 0.000266667 0.0674222 0.0144444 0.000222222 0 0.00244444 0.0433333 0.00457778 0 0 0 8.88889e-005 0.0016 0.00808889 0.0036 0 0 0.0556889 0.0215111 0.0092 0 0.000666667 0.0932 0.0562667 0 0 0.00644444 0.372267 
0.00953174 0.0276795 0.0206452 0 0 0.000832466 0.0442872 0.00266389 0 0 0 0 0 0 0 0 0.0631009 0.016358 0 0 0.00616025 0.0387929 0.00720083 8.32466e-005 0 0 0.000166493 8.32466e-005 0 0 0 0 0.0109886 0.0408741 0 0 8.32466e-005 0.0800416 0.00869927 0 0 0.00949011 0.0435796 0.00778356 0 0 0 0 0.006077 0.0115713 0 0 0 0.0534027 0.0459521 0 0 8.32466e-005 0.0693861 0.00899064 0 0 0.0206452 0.344766 
0.0152252 0.0168617 0.00768697 0 0 0.000495933 0.0317893 0 0 0 0 0 0 0 0 0 0.0963103 0.00555445 4.95933e-005 0 0.00540567 0.0265324 0.0029756 4.95933e-005 0 0 0 0 0 0 0 0 0.040121 0.0224162 0 0 0.00089268 0.0651656 0.00525689 0 0 0.00525689 0.0429974 0.00128943 0 0 0 0 0.00639754 0.00500893 0 0 0 0.116891 0.0120016 0 0 0.00272763 0.118776 0.00441381 0 0 0.0133902 0.32806 
0.0141399 0.00965441 0.00418642 0 0 0.000811654 0.0204622 4.27186e-005 0 0 0 0 0 0 0 0 0.0739459 0.00743304 0 0 0.00247768 0.0296467 0.00401555 0 0 0 0 4.27186e-005 0 0 0 0 0.029604 0.029305 0 0 0.000512623 0.0946217 0.00657867 0 0 0.00290487 0.039472 0.00944081 0 0 0 0.000170874 0.00149515 0.00444274 0 0 4.27186e-005 0.0877867 0.0192234 0 0 0.000640779 0.0904353 0.0133282 0 0 0.0169593 0.386176 
0.0137713 0 0 0 0 0 0 0 0 0 0 0 0 0 0 0 0.106399 0.0045612 0 0 0.00166659 0.0142099 4.38577e-005 0 0 0 0 0 0 0 0 0 0.0590325 0.0169291 0 0 0.000438577 0.0493838 0.00118416 0.000175431 0 0.00592079 0.0473663 0.000614008 0 0 0 0 0.00057015 0.0176747 0 0 4.38577e-005 0.0820139 0.000614008 0 0 0.0019736 0.127582 0.00635937 0 0 0.0158765 0.425595 
0.128997 0.0181315 0 0 0 0.00346021 0.00941176 0.00858132 0 0 0.00110727 0.0033218 0 0 0 0.000968858 0.274187 0.00539792 0 0 0.0016609 0.0179931 0.00470588 0.00678201 0 0 0.000968858 0.0278201 0 0 0 0.012872 0.0346021 0.0206228 0 0 0.000415225 0.102007 0.00124567 0 0 0.00304498 0.0258824 0.00221453 0 0 0 0.00442907 0 0 0 0 0 0.0592388 0.000276817 0 0 0.00138408 0.0328028 0.000415225 0 0 0.00761246 0.177439 
0.0881536 0.0129211 0.000241517 0 0 0.00470958 0.0107475 0.0216157 0 0 0.000966067 0.00108683 0 0 0 0 0.290424 0.018476 0 0 0.00193213 0.0224611 0.00531337 0.0247555 0 0 0.00169062 0.0483033 0 0 0 0.00760778 0.0240309 0.0135249 0 0 0.00120758 0.0863422 0.000120758 0 0 0.0028982 0.0252385 0.00350199 0 0 0 0.00495109 0 0 0 0 0 0.0642435 0.000241517 0 0 0.000966067 0.0268084 0.000362275 0 0 0.0072455 0.176911 
0.0179826 0 0 0 0 0 0 0 0 0 0 0 0 0 0 0 0.177515 0.000808987 0 0 0.00695729 0.011973 0.00420673 2.31139e-005 0 0 0.000485392 2.31139e-005 0 0 0 0 0.0585938 0.00968473 0.000277367 0 0.00217271 0.0316198 0.00325906 0.000184911 0.000208025 0.00140995 0.0153707 0.0487703 0 0 0 0.000508506 0.0157406 0.0128051 0.000439164 0 2.31139e-005 0.0815921 0.00640255 0.000855214 0.000647189 0.00704974 0.0742188 0.0162028 0.00175666 0.00154863 0.0112565 0.377427 
0.0283109 0 0 0 0 0 0 0 0 0 0 0 0 0 0 0 0.0816713 0.00293696 0 0 0.00281743 0.0110648 0.00648863 0.00358582 0 0 0.00126357 0.0143091 0 0 0 0 0.0412028 0.00720579 8.53767e-005 0 0.00285158 0.0238201 0.00278328 0.00105867 0.000136603 0.00116112 0.0149921 0.0659108 0 0 0 0.00174168 0.0108599 0.00573731 0 0 0.000956219 0.0969025 0.00331262 6.83013e-005 0.000170753 0.00402978 0.0847961 0.00814494 0 0.0025613 0.0162557 0.450806 
0.00684172 9.24556e-005 0 0 0 0 0 0 0 0 0 0 0 0 0 0 0.0556583 0.00748891 0 0 0.000369822 0.0139608 0.00443787 0 0 0 0.000554734 0 0 0 0 0 0.0452108 0.0370747 0 0 0.00129438 0.134523 0.0148854 0.00157175 0 0.00674926 0.0379068 0.00878328 0 0 0 0.00120192 0.00443787 0.034301 0 0 0.00268121 0.119268 0.0638868 0 0 0.0041605 0.0986502 0.0410503 0 0 0.00295858 0.25 
0.000118147 0 0 0 0 0 0 0 0 0 0 0 0 0 0 0 0.0393431 0.0022448 0 0 0.0067344 0.0203214 0.000236295 0 0 0 0 0 0 0 0 0 0.0309546 0.00271739 0 0 0.00047259 0.0573015 0.00366257 0 0 0.0106333 0.0528119 0.00401701 0 0 0 0 0 0.00271739 0 0 0 0.0955813 0.00165406 0 0 0.00118147 0.116139 0.00259924 0 0 0.0324905 0.516068 
0.0011562 0 0 0 0 0 0 0 0 0 0 0 0 0 0 0 0.0463637 0.0017343 0 0 0.00393109 0.0200023 0.00104058 0 0 0 0 0 0 0 0 0 0.0157244 0.00809342 0 0 0.00150306 0.0746907 0.00520291 0.00011562 0 0.00693722 0.038964 0.000231241 0 0 0 0 0 0.000693722 0 0 0 0.0939993 0.000578101 0 0 0.00161868 0.0720314 0.00104058 0 0 0.0120245 0.592323 
0.000325521 0 0 0 0 0 0 0 0 0 0 0 0 0 0 0 0.0453559 0.00303819 0 0 0.00444878 0.0194227 0.000542535 0 0 0.000217014 0 0 0 0 0 0 0.0428602 0.00716146 0 0 0.00303819 0.0737847 0.0062934 0.000108507 0 0.00640191 0.0380859 0 0 0 0 0 0.000434028 0.00282118 0 0 0 0.123806 0.00108507 0 0 0.00390625 0.0842014 0.00130208 0 0 0.0175781 0.51378 
0.000847398 0.000847398 7.06165e-005 0 0.000635548 0 0 0 0.000282466 0 0 0 0 0 0 0 0.0564226 0.00614363 0 0 0.00953322 0.0276817 0.0100275 0.00275404 0.0175835 0.00494315 0.000494315 0.000564932 0 0.000141233 0 0 0.0155356 0.00409576 0 0 0.00854459 0.0883412 0.00663795 0 0.000494315 0.0209025 0.0610833 0.0119342 7.06165e-005 0.00451945 0.000282466 0.000564932 0 7.06165e-005 0 0 0 0.0973095 0.00155356 7.06165e-005 0 0.0251395 0.0886237 0.00607302 0 0.000918014 0.0197726 0.398489 
0.000430911 0.000861821 0.000143637 0 0.0011491 0.000143637 0 0 0.000287274 0 0 0 0 0 0 0 0.0563775 0.00488365 0 0 0.0124246 0.0188164 0.00847458 0.00258546 0.0284401 0.00438093 0.000143637 0.000359092 0 0 0 0 0.0198937 0.00186728 0 0 0.00897731 0.0615484 0.00366274 7.18184e-005 0.00294456 0.0412956 0.048262 0.01027 0.000215455 0.0294456 0.000861821 0.000430911 0 0 0 0 0 0.0960931 0.000143637 0 0 0.034401 0.0778512 0.00258546 0 0.00883367 0.0224792 0.387963 
0.000226843 0.000378072 0 0 0.000302457 0 0 0 0 0 0 0 0 0 0 0 0.04 0.00415879 0 0 0.0129301 0.0177694 0.00967864 0.00136106 0.0136106 0.00393195 0.000302457 0.000378072 0.000302457 0.000302457 0 0 0.0158034 0.0015879 0 0 0.0119471 0.0650284 0.00453686 7.56144e-005 0.00166352 0.0353119 0.0462004 0.0130813 0 0.0421928 0.00272212 0.000378072 0 0 0 0 0 0.102004 0 0 0 0.0487713 0.0695652 0.00272212 0 0.0152741 0.0524764 0.363025 
0.0055359 0.000291363 0 0 0 4.16233e-005 0 0 0 0 0 0 0 0 0 0 0.068179 0.00653486 0 0 0.00145682 0.0137357 0.00503642 0.000957336 0 4.16233e-005 0.00191467 8.32466e-005 0 0 0 0 0.0365453 0.0125702 0 0 0.000707596 0.0549844 0.00445369 4.16233e-005 0 0.00274714 0.0379188 0.00770031 0 0 0 0.0138189 0.000166493 0.000457856 0 0 0 0.144599 0.00690947 0 0 0.00137357 0.0683039 0.0030385 0 0 0.00795005 0.491904 
0.00429992 0.000739049 0 0 0 0 0 0 0 0 0 0 0 0 0 0 0.0182747 0.0501881 0 0 0.00053749 0.0207605 0.000201559 0 0 0 0 0 0 0 0 0 0.000940607 0.0222386 0 0 0.00436711 0.121002 0.00759205 0 0 0.00994356 0.0506584 0.00100779 0 0 0.000806235 0.000470304 0 0 0 0 6.71862e-005 0.0739049 0.0804891 0 6.71862e-005 0.00745767 0.0973529 0.00772642 0 6.71862e-005 0.0333916 0.385447 
0.00381944 0.000763889 0 0 0 0 0 0 0 0 0 0 0 0 0 0 0.0168056 0.0534722 0 0 0.000625 0.02125 0.000277778 0 0 6.94444e-005 0 0 0 0 0 0 0.000555556 0.0213889 0 0 0.00340278 0.124583 0.00729167 0 0 0.0104167 0.0492361 0.000902778 0 6.94444e-005 0.000833333 0.000347222 0 0 0 0 0 0.0698611 0.0796528 0 0 0.00673611 0.0957639 0.00652778 0 0 0.0335417 0.391806 
0.00614363 0.000776781 0 0 0 0 0 0 0 0 0 0 0 0 0 0 0.0240096 0.0483723 0 0 0.000635548 0.0205494 0.000141233 0 0 0 0.000141233 0 0 0 0 0 0.00141233 0.0255632 0 0 0.00360144 0.119624 0.00903891 0 0 0.00910953 0.049714 0.000706165 0 0 0.000423699 0.000282466 0 0 0 0 0 0.0725937 0.0790905 0 0 0.00614363 0.0960384 0.00586117 0 7.06165e-005 0.0320599 0.387896 
0.00239055 0.000409808 0 0 0 0 0 0 0 0 0 0 0 0 0 0 0.0167338 0.0487672 0 0 0.000136603 0.0225394 0.000273205 0 0 0 0 0 0 0 0 0 0.000341507 0.0180999 0 0 0.00375657 0.125538 0.00887917 0 0 0.00942559 0.049177 0.00102452 0 0.000136603 0.000409808 0.000409808 0 0 0 0 0 0.0608565 0.093163 0 0 0.00669353 0.102998 0.00723994 0 0.000204904 0.0324431 0.387952 
0.007403 0.000330491 0 0 0 0 0 0 0 0 0 0 0 0 0 0 0.0322559 0.0405843 0 0 0.000198295 0.0191024 0 0 0 0 0.000132196 0 0 0 0 0 0.00138806 0.0281578 0 0 0.00482517 0.109987 0.00799788 0 6.60982e-005 0.0106418 0.0487805 0.00152026 0 0.000462688 0.000462688 0.000330491 0 0 0 0 0 0.084143 0.0824906 0 6.60982e-005 0.00687421 0.0959746 0.00548615 0 0.000462688 0.032322 0.377553 
