4.32825e-005 4.32825e-005 0 0 8.65651e-005 0 0 0 0 0 0 0 0 0 0 0 0.0245412 0.0106475 0 0 0.00207756 0.0089162 0.00225069 0 0 0.000476108 0.000476108 0 0 0 0 0 0.017616 0.000519391 0.00017313 0 0.0103445 0.286704 0.0784713 0 0 0.127684 0.325095 0.00631925 0 0 0.000129848 0.000216413 0.000692521 0 0 0 0 0 0 0 0 0 0.0827995 0.0128116 0 0 8.65651e-005 0.000779086 
0.124535 0.114286 0.000453515 0 0 0.0060771 0 0 0 0 0 0 0 0 0 0 0.0497052 0.119184 0.00290249 0 0 0.219955 0.303129 0.012517 0 0 0.00653061 0.00480726 0 0 0 0 0 0 0 0 0 0.00145125 0.00399093 0.00562358 0 0 0.000272109 0.0245805 0 0 0 0 0 0 0 0 0 0 0 0 0 0 0 0 0 0 0 0 
0 0 0 0 0.001984 0.000434001 0 0 0.00124 0 0 0 0 0 0 0 0 0 0 0 0.00291401 0.00545601 0.000930002 0 0.308141 0.024056 0.011594 0 0.013454 0.001798 0 0 0 0 0 0 0 6.20001e-005 0 0 0.011966 0.012028 0.016678 0.012524 0.0856222 0.177072 0.00855602 0.0381921 0 0 0 0 0 0 0 0 0 0 0.000806002 0.000558001 0.00527001 0.0653481 0.01333 0.179986 
0.16609 0.00117247 0 0 0.00489005 0 0 0 0 0 0 0 0 0 0 0 0.0640281 0.00760674 0 0 0.00923675 0.0914524 0.00125826 0 0 2.85968e-005 0.000114387 0 0 0 0 0 0 0 0 0 5.71935e-005 0.0088364 0.00494724 0 0 0.00835025 0.195831 0 0 0 0.00995167 0 0 0 0 0 0 0.000142984 0 0 0 0.00391776 0.0336012 0.000171581 0 0 0.0158426 0.372473 
0.0259157 0.00112233 0 0 0 0 0 0 0 0 0 0 0 0 0 0 0.0111213 0.000918274 0.000816243 0.00153046 0.00520355 0.00948883 0.000408122 0 0 0 0 0 0 0 0 0 0.00520355 0 0 0.000510152 0.0410162 0.0459137 0.00244873 0 0 0.0125497 0.0416284 0.00316294 0 0 0 0.000204061 0 0 0 0 0.0329558 0.0924395 0 0 0 0.120294 0.189879 0.0239771 0 0 0.0163249 0.314968 
0.6225 0.000578101 0 0 0 0 0 0 0 0 0 0 0 0 0 0 0.0668285 0.0136432 0 0 0.101168 0.114233 0 0 0 0 0 0 0 0 0 0 0 0 0 0 0.0011562 0.0127182 0.0011562 0 0 0.00277489 0.0378078 0 0 0 0 0 0 0 0 0 0 0 0 0 0 0 0.0073997 0.000346861 0 0 0.00219679 0.0154931 
0.151803 0.00462412 0 0 0 0.000264236 0 0 0 0 0 0 0 0 0 0 0.0170432 0.00383142 0 0 0.0113621 0.0915577 0.00805919 0 0 0.00462412 0.000264236 0 0 0 0 0 0.000396354 0.000660589 0 0 0.00673801 0.0288017 0.00462412 0 0.00290659 0.0294623 0.321046 0.028009 0 0 0 0.00132118 0 0 0 0 0 0.00435989 0.00132118 0 0.000132118 0.0166468 0.0233849 0.00171753 0 0.000792707 0.0295944 0.204651 
0.153732 0.00378583 0 0 0 0.000135208 0 0 0 0 0 0 0 0 0 0 0.0175771 0.00432666 0 0 0.0114927 0.0901839 0.00743645 0 0 0.00473229 0.000270416 0 0 0 0 0 0.000540833 0.000676041 0 0 0.00703083 0.0287994 0.00567875 0 0.00283937 0.0300162 0.318821 0.0267712 0 0 0 0.00135208 0 0 0 0 0 0.00446187 0.0016225 0 0.000270416 0.0173067 0.0275825 0.00202812 0 0.000811249 0.0270416 0.202677 
0.112697 0.00184965 0 0 0 0 0 0 0 0 0 0 0 0 0 0 0.0229885 0.00766284 0 0 0.0126833 0.0936716 0.00845554 0 0 0.000792707 0.000528471 0 0 0 0 0 0.000660589 0.000396354 0 0 0.0105694 0.0244418 0.00528471 0 0.00158541 0.0342185 0.263047 0.0788744 0 0 0 0.000132118 0 0 0 0 0 0.000528471 0.00132118 0 0.00211389 0.0175717 0.0433347 0.00251024 0 0.00832342 0.00898401 0.234773 
0.0147462 0 0 0 0 0 0 0 0 0 0 0 0 0 0 0 0.0596708 0.000943073 0 0 0.00342936 0.01869 0.000771605 0 0 0 0.000600137 0 0 0 0 0 0.0248628 0.0053155 0 0 0.0113169 0.028035 0.00265775 0 0 0.00137174 0.0621571 0.0603567 0 0 0 0.0589849 8.57339e-005 0.00120027 0 0 0.0558985 0.0145748 0 0 0 0.00925926 0.0322359 0.023834 0 0 0.00214335 0.506859 
0 0 0 0 0 0 0 0 0 0 0 0 0 0 0 0 0.000201559 0 0 0 6.71862e-005 0.000268745 0 0 0 0 0 0 0 0 0 0 0 0 0 0 0.000470304 0.00604676 0.000134372 0 0 0.00315775 0.00960763 0 0 0 0 0 0 0 0 0 0.0109514 0.0157888 0 0 0.217012 0.316783 0.213048 0.00053749 0.00302338 0.0558318 0.0912389 0.0558318 
0.138366 0.0212094 0.00075748 0 0 0.00100997 0.00239869 0 0 0 0 0 0 0 0 0 0.0643858 0.000504987 0 0 0.009721 0.0232294 0.0857215 0.0284055 0 0 0.00441863 0.0315617 0 0 0 0 0 0 0 0 0.000631233 0.00858478 0.00138871 0 0 0.0270168 0.0489837 0.074738 0 0 0 0.00100997 0 0 0 0 0 0 0 0 0 0.0135084 0.00315617 0.00706981 0 0 0.00214619 0.400076 
0.336306 0.0483221 0 0 0 0 0 0 0 0 0 0 0 0 0 0 0.185791 0.0534747 0 0 0.00194874 0.0577355 0.00178359 0 0 0 0 0 0 0 0 0 0 0 0 0 0 0.0195865 0.0062756 0 0 0.00132118 0.0322698 0.000825737 0 0 0 0 0 0 0 0 0 0 0 0 0 0 0.022427 0.00184965 0 0 0.00743163 0.222652 
0.291295 0 0 0 0 0 0 0 0 0 0 0 0 0 0 0 0.251702 0 0 0 0.0805076 0.0623967 0 0 0 0 0 0 0 0 0 0 0.00251173 0 0 0 0.0810364 0.0549937 0 0 0 0.0379404 0.044418 0 0 0 0 0 0 0 0 0 0 0 0 0 0 0 0.0649746 0 0 0 0.022209 0.00601494 
0.279331 0 0 0 0 0 0 0 0 0 0 0 0 0 0 0 0.25943 0 0 0 0.0837019 0.0636056 0 0 0 0 0 0 0 0 0 0 0.0014308 0 0 0 0.0800598 0.0580775 0 0 0 0.0366805 0.0455255 0 0 0 0 0 0 0 0 0 0 0 0 0 0 0 0.0632154 0 0 0 0.023153 0.00578824 
0.371869 6.60982e-005 0 0 0 0 0 0 0 0 0 0 0 0 0 0 0.227642 0.0220768 0.000198295 0 0.0699319 0.0680812 0.000330491 0 0 0 0 0 0 0 0 0 0.00304052 0 0 0 0.0433604 0.0468636 0.000925375 0 0 0.0402538 0.0856633 0.000264393 0 0 0 0 0 0 0 0 0 0 0 0 0 0 0.0142772 0.00204904 0 0 0.00310662 0 
0.357505 0.0028616 0 0 0 0 0 0 0 0 0 0 0 0 0 0 0.171956 0.0901405 0.003577 0 0.0602237 0.0550208 0.0091051 0 0 0 0 0 0 0 0 0 0.00091051 0 0 0 0.0295265 0.0416233 0.0141129 0.00195109 0 0.0381113 0.0841571 0.000390219 0 0 0 0 0 0 0 0 0 0 0 0 0 0 0.0139828 0.0118366 0 0 0.00305671 0.00995057 
0.35796 0.00273153 0 0 0 0 0 0 0 0 0 0 0 0 0 0 0.171566 0.0901405 0.003577 0 0.0602237 0.055411 0.0091051 0 0 0 0 0 0 0 0 0 0.00091051 0 0 0 0.0295265 0.0412331 0.0141129 0.00201613 0 0.0381113 0.0842872 0.000390219 0 0 0 0 0 0 0 0 0 0 0 0 0 0 0.0137227 0.0117716 0 0 0.00318678 0.0100156 
0.248119 0 0 0 0 0 0 0 0 0 0 0 0 0 0 0 0.240997 0.0375571 0.000335931 0 0.0894249 0.069269 0.000335931 0 0 0 0 0 0 0 0 0 0.00154528 0 0 0 0.0714862 0.0608707 0.000201559 0 0 0.0369524 0.0452163 6.71862e-005 0 0 0 0 0 0 0 0 0 0 0 0 0 6.71862e-005 0.0647004 6.71862e-005 0 0 0.0260683 0.00671862 
0.366731 0.00186 0 0 0 0 0 0 0 0 0 0 0 0 0 0 0.214458 0.0471821 0.000186 0 0.0734081 0.0712381 0.001116 0 0 0 0 0 0 0 0 0 0.000124 0 0 0 0.0419121 0.0419741 0.001054 6.20001e-005 0 0.0376961 0.0828322 0.000124 0 0 0 0 0 0 0 0 0 0 0 0 0 0 0.01271 0.002046 0 0 0.00322401 6.20001e-005 
0.00837099 0.0166944 0.000332937 0 0 0.000380499 0.00123662 0 0 0 0 0 0 0 0 0 0.00390012 0.00399524 0 0 0.00128419 0.039239 0.0744828 0.0111296 0 0 0.00209275 0.0157907 0 0 0 0 0 0 0 0 0.000523187 0.0267301 0.00794293 0 0 0.0067063 0.0496076 0.126231 0 0 0 0.00156956 0 0 0 0 0 0.00109394 0 0 0 0.0193579 0.0456124 0.025874 0 0 0.00917955 0.500642 
0.00892857 0.0156122 0.000306122 0 0 0.000612245 0.00117347 0 0 0 0 0 0 0 0 0 0.00408163 0.0044898 0 0 0.00132653 0.04 0.0735714 0.0141837 0 0 0.0022449 0.0137245 0 0 0 0 0 0 0 0 0.000510204 0.0281122 0.00897959 0 0 0.00739796 0.050051 0.13102 0 0 0 0.00168367 0 0 0 0 0 0.00117347 0 0 0 0.0206633 0.0490816 0.0266837 0 0 0.00989796 0.48449 
0.00890223 0.0156307 0.000310543 0 0 0.000776357 0.000983386 0 0 0 0 0 0 0 0 0 0.00403706 0.00429584 0 0 0.0014492 0.0402671 0.0740127 0.0141297 0 0 0.00212204 0.0142332 0 0 0 0 0 0 0 0 0.000569329 0.0287252 0.00879872 0 0 0.00734952 0.050515 0.132084 0 0 0 0.00150096 0 0 0 0 0 0.0010869 0 0 0 0.021738 0.0492211 0.027276 0 0 0.00988562 0.480099 
0.00824908 0.0168503 0.000352095 0 0 0.000402394 0.00100599 0 0 0 0 0 0 0 0 0 0.00397364 0.00432574 0 0 0.00130778 0.0396861 0.0735376 0.013782 0 0 0.00196167 0.0146874 0 0 0 0 0 0 0 0 0.000452694 0.0278155 0.00890297 0 0 0.0071928 0.049243 0.129873 0 0 0 0.00135808 0 0 0 0 0 0.000905387 0 0 0 0.0212766 0.0473819 0.0268598 0 0 0.00980836 0.488808 
0.00950656 0.0161964 0.000301796 0 0 0.000553292 0.000855088 0 0 0 0 0 0 0 0 0 0.00397364 0.00407424 0 0 0.00145868 0.0403903 0.0760022 0.0118706 0 0 0.00206227 0.0158443 0 0 0 0 0 0 0 0 0.000502993 0.0279161 0.00850058 0 0 0.0072431 0.0495448 0.133142 0 0 0 0.00125748 0 0 0 0 0 0.000905387 0 0 0 0.0213772 0.0472813 0.0271113 0 0 0.00995926 0.482169 
0.00875208 0.0162467 0.000352095 0 0 0.000502993 0.00100599 0 0 0 0 0 0 0 0 0 0.00387304 0.00437604 0 0 0.00135808 0.0396358 0.0745435 0.0129772 0 0 0.00241437 0.0146874 0 0 0 0 0 0 0 0 0.000452694 0.0277652 0.00855088 0 0 0.0071928 0.0488406 0.130175 0 0 0 0.00115688 0 0 0 0 0 0.000955686 0 0 0 0.0214275 0.0471807 0.0262059 0 0 0.00970776 0.489664 
0.00892857 0.0157143 0.000357143 0 0 0.000561224 0.000969388 0 0 0 0 0 0 0 0 0 0.00392857 0.00433673 0 0 0.00137755 0.039949 0.075102 0.0129082 0 0 0.00244898 0.0147959 0 0 0 0 0 0 0 0 0.000459184 0.0282143 0.00862245 0 0 0.00734694 0.0487755 0.131684 0 0 0 0.00122449 0 0 0 0 0 0.00102041 0 0 0 0.0220408 0.0477551 0.0267347 0 0 0.00994898 0.484796 
0.00822222 0.0154667 0.000222222 0 0 0.000844444 0.00111111 0 0 0 0 0 0 0 0 0 0.00342222 0.00386667 0 0 0.00128889 0.0381778 0.0754667 0.0108 0 0 0.00177778 0.0146222 0 0 0 0 0 0 0 0 0.000577778 0.0247111 0.00746667 0.000133333 0 0.00671111 0.0478222 0.122889 0 0 0 0.00128889 0 0 0 0 0 0.000888889 0 0 0 0.0195111 0.0414222 0.0266222 0 0 0.00875556 0.515911 
0.0101939 0 0 0 0 0 0 0 0 0 0 0 0 0 0 0 0.0216066 0.000221607 0 0 0.00387812 0.00864266 0 0 0 0 0 0 0 0 0 0 0.0141828 0.000775623 0 0 0.0127424 0.0354571 0.000110803 0 0 0.0144044 0.0427701 0.000110803 0 0 0 0 0 0 0 0 0.047313 0.00919668 0 0 0 0.0785596 0.0660388 0.000886427 0 0 0.0237119 0.609197 
0.000342936 0 0 0 0.00120027 0.0055727 8.57339e-005 0 0.00111454 0.000857339 0.000171468 0 0 0 0 0 0.000171468 0 0 0 0.000514403 0.0104595 0.000342936 0 0.0111454 0.0577846 0.0342936 0.00128601 0 0.00720165 0.000685871 0 0 0 0 0 0 0.00222908 8.57339e-005 0 0.00608711 0.0485254 0.0417524 0.00763032 0.00497256 0.0893347 0.0881344 0.0769033 0 0 0 0 0 0 0 0 0 0 0.00222908 0.000257202 0 0.00351509 0.0574417 0.437671 
0 0.00416652 0.00665243 0.00063023 0 3.50128e-005 0.00283604 0.00507685 0 0 0 0 0 0 0 0 0 0.000105038 0.000245089 0 0 0.00339624 0.0133049 0.0160359 0 0 0.000140051 0.00231084 0 0 0 0 0 0 0 0 0 0.000805294 0.00210077 0.000560204 0 0.000105038 0.0135499 0.0158958 0 0 0 0.000455166 0 0 0 0 0 0 0 0 0 0 0.00735268 0.0359931 0 0 0.0120794 0.856167 
0 0.00578125 0.00554687 0.000546875 0 0.000117187 0.00300781 0.0053125 0 0 0 0 0 0 0 0 0 3.90625e-005 0 0 0 0.00519531 0.0119531 0.0164453 0 0 0.00015625 0.00464844 0 0 0 0 0 0 0 0 0 0.000703125 0.00199219 0 0 0.000117187 0.0129297 0.0120703 0 0 0 0.00046875 0 0 0 0 0 0 0 0 0 0 0.00640625 0.0180078 0 0 0.0183984 0.870156 
0 0.00676397 0.00601242 0.001068 0 0 0.00193821 0.00597287 0 0 0 0 0 0 0 0 0 0.000158222 0 0 0 0.0054982 0.0115502 0.0176022 0 0 0.000118666 0.00312488 0 0 0 0 0 0 0 0 0 0.00126577 0.00134488 7.91108e-005 0 0 0.0121831 0.0122622 0 0 0 0.000237332 0 0 0 0 0 0 0 0 0 0 0.00676397 0.0217555 0 0 0.0177604 0.86654 
0 0.00614612 0.00623269 0.00108206 0 0.00034626 0.00203428 0.00506406 0 0 0 0 0 0 0 0 0 4.32825e-005 0 0 0 0.00575658 0.0108206 0.0155384 0 0 8.65651e-005 0.00315963 0 0 0 0 0 0 0 0 0 0.000822368 0.00168802 4.32825e-005 0 0.000129848 0.0120758 0.0123355 0 0 0 0.000649238 0 0 0 0 0 0 0 0 0 0 0.00614612 0.0191309 0 0 0.019001 0.871667 
0 0.00662222 0.00564444 0.000755556 0 0.000133333 0.00208889 0.00608889 0 0 0 0 0 0 0 0 0 4.44444e-005 0 0 0 0.00564444 0.0125778 0.0147111 0 0 0.000133333 0.00324444 0 0 0 0 0 0 0 0 0 0.00111111 0.00124444 4.44444e-005 0 0 0.0119111 0.0126222 0 0 0 0.0004 0 0 0 0 0 0 0 0 0 0 0.0064 0.0191556 0 0 0.018 0.871422 
0 0.0063258 0.00661118 0.000808561 0 4.75624e-005 0.00237812 0.0059453 0 0 0 0 0 0 0 0 0 4.75624e-005 0 0 0 0.00604043 0.011843 0.0150297 0 0 0.00019025 0.00318668 0 0 0 0 0 0 0 0 0 0.000998811 0.00185493 0.000380499 0 0.00019025 0.0125089 0.0128419 0 0 0 0.000760999 0 0 0 0 0 0 0 0 0 0 0.00732461 0.0230678 0 0 0.0188347 0.862782 
0 0.00583526 0.00597994 0.000964506 0 4.82253e-005 0.00226659 0.00554591 0 0 0 0 0 0 0 0 0 0 0 0 0 0.00540123 0.0110918 0.0144676 0 0 0.000241127 0.00308642 0 0 0 0 0 0 0 0 0 0.00081983 0.00173611 0 0 0 0.0129244 0.0122492 0 0 0 0.000337577 0 0 0 0 0 0 0 0 0 0 0.00583526 0.0230035 0 0 0.0168306 0.871335 
0 0.00525656 0.00544946 0.00081983 0 4.82253e-005 0.00250772 0.00636574 0 0 0 0 0 0 0 0 0 4.82253e-005 0 0 0 0.00549769 0.0104649 0.0141782 0 0 4.82253e-005 0.00347222 0 0 0 0 0 0 0 0 0 0.00101273 0.00139853 4.82253e-005 0 0 0.0124904 0.0116223 0 0 0 0.000434028 0 0 0 0 0 0 0 0 0 0 0.00520833 0.0202546 0 0 0.0158661 0.877508 
0 0.00552594 0.00552594 0.00068463 0 0 0.0022495 0.00640618 0 0 0 0 0 0 0 0 0 9.78043e-005 0 0 0 0.00484131 0.011492 0.0145728 0 0 0.000195609 0.00288523 0 0 0 0 0 0 0 0 0 0.000635728 0.00171158 9.78043e-005 0 0 0.0111497 0.0117365 0 0 0 0.000635728 0 0 0 0 0 0 0 0 0 0 0.00567265 0.0215169 0 0 0.0152575 0.877109 
0 0.00505051 0.0065427 0.000344353 0 5.73921e-005 0.00246786 0.00539486 0 0 0 0 0 0 0 0 0 0.000172176 5.73921e-005 0 0 0.00476354 0.0141758 0.0131428 0 0 5.73921e-005 0.0021809 0 0 0 0 0 0 0 0 0 0.000401745 0.00229568 0 0 0 0.0125115 0.0132002 0 0 0 0.000114784 0 0 0 0 0 0 0 0 0 0 0.00665748 0.0294995 0 0 0.0158402 0.865071 
0.105559 0.0264393 0.000330491 0 0 0.0038337 0.00304052 0 0 0 0 0 0 0 0 0 0.037015 0.022209 0.000396589 0 6.60982e-005 0.0109062 0.0717827 6.60982e-005 0 0 0.0350321 0.000330491 0 0 0 0 0 0.000330491 0.000132196 0 0.000330491 0.0189041 0.157975 0.000330491 0 0.00694031 0.298301 0.143499 0 0 0 0.000925375 0 0 0 0 0 0.000132196 0.000132196 0 0 6.60982e-005 0.0338423 0.018838 0 0 0.00118977 0.00112367 
