0.0118945 0.000486592 0 0 0 0 0 0 0 0 0 0 0 0 0 0 0.0400627 0.00135164 0 0 0.0356834 0.0265463 0.00486592 0 0 0 0.000702855 0 0 0 0 0 0.0017301 0 0 0 0.0241674 0.123756 0.00237889 0 0 0.0852617 0.0327098 0.00162197 0 0 0 0 0 0 0 0 0 0 0 0 0 0.0140571 0.0823962 0.00037846 0 0 0.185716 0.324232 
0.00957031 0 0 0 0 0 0 0 0 0 0 0 0 0 0 0 0.0144531 0 0 0 0.0246484 0.0183594 0 0 0 0 0 0 0 0 0 0 3.90625e-005 0 0 0 0.0314453 0.117656 7.8125e-005 0 0 0.0585547 0.0379688 3.90625e-005 0 0 0.000195313 7.8125e-005 0 0 0 0 0 3.90625e-005 0 0 0 0.0164844 0.0794141 0.000351563 0 0 0.218945 0.37168 
0.0076678 0 0 0 0 0 0 0 0 0 0 0 0 0 0 0 0.0158958 0 0 0 0.0249641 0.0144253 0 0 0 0 0 0 0 0 0 0 0 0 0 0 0.0252792 0.119043 7.00256e-005 0 0 0.0853612 0.0326669 0 0 0 0 0 0 0 0 0 0 0.000455166 0 0 0 0.0158958 0.0838906 0.000315115 0 0 0.19271 0.381359 
0.00763279 0 0 0 0 0 0 0 0 0 0 0 0 0 0 0 0.0150905 0 0 0 0.0232835 0.0143552 0 0 0 0 0 0 0 0 0 0 0 0 0 0 0.0253493 0.117993 0.000105038 0 0 0.084976 0.032912 0 0 0 0 0 0 0 0 0 0 0.000455166 0 0 0 0.0159658 0.0839256 0.000385141 0 0 0.19257 0.385001 
0.00754325 0 0 0 0 0 0 0 0 0 0 0 0 0 0 0 0.0174394 0 0 0 0.0271972 0.0150865 0 0 0 0 0 0 0 0 0 0 6.92042e-005 0 0 0 0.0285813 0.119862 6.92042e-005 0 0 0.0849827 0.0332526 0 0 0 0 0 0 0 0 0 0 0.000622837 3.46021e-005 0 0 0.016436 0.08391 0.000380623 0 0 0.195813 0.36872 
0.00756571 0 0 0 0 0 0 0 0 0 0 0 0 0 0 0 0.0171035 0 0 0 0.0252788 0.015239 0 0 0 0 0 0 0 0 0 0 7.17129e-005 0 0 0 0.0268206 0.120908 7.17129e-005 0 0 0.0875255 0.0338126 0 0 0 0 0 0 0 0 0 0 0 0 0 0 0.0168167 0.0836172 0.000358564 0 0 0.19219 0.37262 
0.0125707 0.00239316 0 0 0 0.000184089 2.62985e-005 0 0 0 0 0 0 0 0 0 0.0230112 0.000262985 0 0 0.035687 0.0181723 0.00289283 0 0 2.62985e-005 0.000946746 0.000131492 0 0 0 0.000157791 5.2597e-005 0 0 0 0.0329257 0.0845496 0.00034188 0 0 0.0583563 0.0367653 0.000552268 0 0 0 0.000683761 0 0 0 0 0 0 0 0 0 0.0141223 0.0801841 0.00034188 0 0 0.209704 0.384957 
0.0127032 0.00237058 0 0 2.57672e-005 0.000180371 2.57672e-005 0 0 0 0 0 0 0 0 0 0.0238089 0.000257672 0 0 0.035198 0.0189131 0.00288593 0 0 2.57672e-005 0.000953387 0.000128836 0 0 0 0.000283439 5.15344e-005 0 0 0 0.0332139 0.0828931 0.000334974 0 0 0.0575124 0.0368729 0.000566879 0 0 0 0.000695715 0 0 0 0 0 0 0 0 0 0.0138885 0.0790796 0.000283439 0 0 0.206602 0.390245 
0.0158875 0.00556976 0 0 0 4.56538e-005 0 0 0 0 0 0 0 0 0 0 0.0194485 0.000776114 0.00036523 0 0.0297206 0.0284879 0.00205442 0 0 0 0 0 0 0 0 0 0.000958729 0 0 0 0.0174397 0.135409 0.00036523 0 0 0.0645544 0.0334186 0.000821768 0 0 0 0 0 0 0 0 0 0 0 0 0 0.0269357 0.0821311 0.000456538 0 0 0.217495 0.317659 
0.0148333 0.00530042 0 0 0 7.91108e-005 0 0 0 0 0 0 0 0 0 0 0.0154266 0.000672442 0 0 0.031051 0.0268186 0.00181955 0 0 0 7.91108e-005 0 0 0 0 0 0.000474665 0 0 0 0.0210435 0.153554 0.000276888 0 0 0.0703295 0.0346901 0.000672442 0 0 0 0 0 0 0 0 0 7.91108e-005 0 0 0 0.0206084 0.0827499 0.000158222 0 0 0.180926 0.338357 
0.0154504 0.00534188 0 0 0 8.21828e-005 0 0 0 0 0 0 0 0 0 0 0.0148751 0.000821828 0 0 0.0308596 0.0285585 0.00184911 0 0 0 0.000123274 0 0 0 0 0 0.000164366 0 0 0 0.0225181 0.152737 0.00028764 0 0 0.0703895 0.0336949 0.000698554 0 0 0 0 0 0 0 0 0 8.21828e-005 0 0 0 0.0219428 0.0873192 0.000164366 0 0 0.183596 0.328443 
0.0123967 0.00615618 0 0 0 8.43313e-005 0 0 0 0 0 0 0 0 0 0 0.0129448 0.00067465 0.000295159 0 0.0293894 0.0277028 0.00231911 0.000337325 0 0 8.43313e-005 0 0 0 0 0 0.000801147 0 0 0 0.0166554 0.147875 0.000210828 0 0 0.079946 0.038961 0.000927644 0 0 0 8.43313e-005 0 0 0 0 0 0 0 0 0 0.0174144 0.0835301 0.000337325 0 0 0.175325 0.345547 
0.0824558 0.00699272 0 0 0 4.16233e-005 0 0 0 0 0 0 0 0 0 0 0.0186056 0.00158169 0 0 0.0160666 0.0498231 0.00237253 0 0 0 0 0 0 0 0 0 0 0 0 0 0.000166493 0.129324 0.000332986 0 0 0.0713423 0.0466181 0.000874089 0 0 0 0 0 0 0 0 0 0.000291363 4.16233e-005 0 0 0.0037461 0.0787513 0.000291363 0 0 0.136857 0.353424 
0.0182823 0.00513747 0 0 3.54308e-005 3.54308e-005 0 0 0 0 0 0 0 0 0 0 0.018424 0.000531463 3.54308e-005 0 0.0431548 0.0278132 0.00173611 0 0 0 0 0 0 0 0 0 0.000992064 0 0 0 0.0244118 0.126949 0.000496032 0 0 0.0769912 0.0358914 0.000779478 0 0 0 0 0 0 0 0 0 0 0 0 0 0.0143495 0.0774518 0.000354308 0 0 0.174497 0.351651 
0.0154321 0.00333333 0 0 0 0 0 0 0 0 0 0 0 0 0 0 0.0239506 0.00123457 0 0 0.0192593 0.0271605 0.000864198 0 0 0 0 0 0 0 0 0 0.000123457 0 0 0 0.0430864 0.103704 0.000493827 0 0 0.0503704 0.0319753 0.000246914 0 0 0 0 0 0 0 0 0 0.00407407 0 0 0 0.0579012 0.151111 0.00037037 0 0 0.184938 0.28037 
0.0163024 0.00301896 0 0 0 0 0 0 0 0 0 0 0 0 0 0 0.0256008 0.00132834 0 0 0.0192006 0.0268084 0.00108683 0 0 0 0 0 0 0 0 0 0.000120758 0 0 0 0.0437145 0.104335 0.000483033 0 0 0.0515638 0.0357445 0.000241517 0 0 0 0 0 0 0 0 0 0.00386427 0 0 0 0.0588093 0.149982 0.000483033 0 0 0.196232 0.26108 
0.00901838 0 0 0 0 0 0 0 0 0 0 0 0 0 0 0 0.039889 0 0 0 0.0243959 0.0285582 0 0 0 0 0 0 0 0 0 0 0.000578101 0 0 0 0.035033 0.111111 0.000462481 0 0 0.057232 0.038964 0 0 0 0 0 0 0 0 0 0.000693722 0.00393109 0 0 0 0.0231241 0.109377 0.000462481 0 0 0.180368 0.336802 
0.00791588 0.000827032 0 0 0 0 0 0 0 0 0 0 0 0 0 0 0.0431238 0.000827032 0 0 0.0313091 0.0276465 0.000118147 0 0 0 0 0 0 0 0 0 0.000827032 0 0 0 0.0261106 0.100898 0.00129962 0 0 0.0596645 0.0433601 0 0 0 0 0 0 0 0 0 0.00094518 0.00555293 0 0 0 0.0222117 0.0973535 0.000118147 0 0 0.175331 0.35456 
0.00802469 0.000864198 0 0 0 0 0 0 0 0 0 0 0 0 0 0 0.0437037 0.000864198 0 0 0.0328395 0.0267901 0.000123457 0 0 0 0 0 0 0 0 0 0.000987654 0 0 0 0.0264198 0.103457 0.00123457 0 0 0.0617284 0.0423457 0 0 0 0 0 0 0 0 0 0.000987654 0.00580247 0 0 0 0.0235802 0.0974074 0.000123457 0 0 0.175802 0.346914 
0.0079778 0.000809342 0 0 0 0 0 0 0 0 0 0 0 0 0 0 0.0426639 0.000809342 0 0 0.0320268 0.0276333 0.00011562 0 0 0 0 0 0 0 0 0 0.000924962 0 0 0 0.0255521 0.0992022 0.00127182 0 0 0.0600069 0.0443982 0.00011562 0 0 0 0 0 0 0 0 0.000809342 0.00543415 0 0 0 0.0221991 0.0945774 0.00011562 0 0 0.174934 0.358423 
0.00820904 0.000809342 0 0 0 0 0 0 0 0 0 0 0 0 0 0 0.0425483 0.000809342 0 0 0.0319112 0.027402 0.00011562 0 0 0 0 0 0 0 0 0 0.000924962 0 0 0 0.0257833 0.0988554 0.00138744 0 0 0.0601226 0.0425483 0 0 0 0 0 0 0 0 0 0.000809342 0.00543415 0 0 0 0.0228928 0.0960805 0 0 0 0.17713 0.356226 
0.00803403 0.000827032 0 0 0 0 0 0 0 0 0 0 0 0 0 0 0.0427694 0.000827032 0 0 0.0322543 0.0274102 0.000118147 0 0 0 0 0 0 0 0 0 0.00094518 0 0 0 0.0261106 0.100071 0.00141777 0 0 0.0612004 0.0415879 0 0 0 0 0 0 0 0 0 0.000827032 0.00555293 0 0 0 0.0226843 0.0966446 0 0 0 0.176749 0.35397 
0.0185135 5.97211e-005 0 0 0 0.00053749 8.95817e-005 0 0 0 0 0 0 0 0 0 0.0225447 0.000119442 0 0 0.0192302 0.0133775 0.00104512 0 0 2.98606e-005 0.00644988 0.00379229 0 0 0 0.000358327 0 0 0 0 0.0282779 0.101735 0 0 0 0.0667682 0.0447908 0.00280689 0 0 0 0.00313536 0 0 0 0 0 0.000507629 0 0 0 0.00588253 0.113381 0 0 0 0.166891 0.379677 
0.0183251 6.03792e-005 0 0 0 0.000543413 0.000150948 0 0 0 0 0 0 0 0 0 0.0228233 0.000120758 0 0 0.0194421 0.0137966 0.00105664 0 0 3.01896e-005 0.00624925 0.00307934 0 0 0 0.000362275 0 0 0 0 0.028348 0.101588 0 0 0 0.0665077 0.0443183 0.00274725 0 0 0 0.00307934 0 0 0 0 0 0.000513223 0 0 0 0.00615868 0.116079 3.01896e-005 0 0 0.165741 0.378849 
0.0219184 5.42535e-005 0 0 0 0.000461155 0.000135634 0 0 0 0 0 0 0 0 0 0.0266385 0.000108507 0 0 0.0225152 0.0139703 0.000949436 0 0 2.71267e-005 0.00678168 0.00591363 0 0 0 0.000406901 0 0 0 0 0.0284288 0.101237 0 0 0 0.0643446 0.0429688 0.00263129 0 0 0 0.00271267 0 0 0 0 0 0.000461155 0 0 0 0.00537109 0.114258 0 0 0 0.160645 0.377062 
0.0221718 5.59895e-005 0 0 0 0.000503905 0.000139974 0 0 0 0 0 0 0 0 0 0.026455 0.000111979 0 0 0.0204082 0.0136054 0.000979816 0 0 2.79947e-005 0.00610285 0.00352734 0 0 0 0.000419921 0 0 0 0 0.0284986 0.100361 0 0 0 0.063968 0.0434758 0.00274348 0 0 0 0.00274348 0 0 0 0 0 0.000783853 0 0 0 0.00573892 0.113715 2.79947e-005 0 0 0.163685 0.379749 
0.0194057 5.90737e-005 0 0 0 0.000531664 0.000147684 0 0 0 0 0 0 0 0 0 0.0231864 0.000118147 0 0 0.0186673 0.0128485 0.000915643 0 0 2.95369e-005 0.00575969 0.00233341 0 0 0 0.000443053 0 0 0 0 0.0277942 0.102611 2.95369e-005 0 0 0.0655423 0.0430057 0.00271739 0 0 0 0.00283554 0 0 0 0 0 0.000827032 0 0 0 0.00605506 0.115548 0 0 0 0.166913 0.381675 
0.0174464 6.242e-005 0 0 0 0.00056178 0.00015605 0 0 0 0 0 0 0 0 0 0.021691 0.00012484 0 0 0.0182891 0.0126713 0.00096751 0 0 3.121e-005 0.00608595 0.00246559 0 0 0 0.00046815 0 0 0 0 0.0283387 0.100652 0 0 0 0.0678818 0.0431947 0.00287132 0 0 0 0.00299616 0 0 0 0 0 0 0 0 0 0.00608595 0.115477 0 0 0 0.166724 0.384757 
0.0384701 0.00992346 0 0 0 0.000289249 4.44998e-005 0 0 0 2.22499e-005 0 0 0 0 0 0.0251202 0.00155749 6.67497e-005 0 0.0151299 0.0226282 0.00364899 0 0 0 0.00578498 0.000756497 0 0 0 0.000333749 0 0 0 0 0.0189569 0.0890664 0.000266999 0 0 0.0482601 0.0517755 0.00193574 0 0 0 0.0155304 0 0 0 0 0 0.000956746 2.22499e-005 0 0 0.00618548 0.0998799 0.000244749 0 0 0.153435 0.389707 
0 0.0448424 0.104679 0.00259151 0 0 0.00411865 0.0114767 0 0 0 0 0 0 0 0 0 0.00152714 0.0407238 0 0 0 0.104632 0.13624 0 0 0.000138831 0.0282753 0 0 0 0 0 0 0 0 0 0 0 0.015873 0 0 0 0.19242 0 0 0 0.123652 0 0 0 0 0 0 0 0 0 0 0 0 0 0 0 0.18881 
0 0.0478504 0.104123 0.00263779 0 0 0.00393355 0.00994956 0 0 0 0 0 0 0 0 0 0.000555324 0.0444259 4.6277e-005 0 0 0.0935721 0.151835 0 0 0.000138831 0.0270721 0 0 0 0 0 0 0 0 0 0 0.000509047 0.0190199 0 0 0.000416493 0.209589 0 0 0 0.116942 0 0 0 0 0 0 0 0 0 0 0 0.000416493 0 0 0 0.166967 
0 0.0461845 0.105743 0.00439632 0 0 0.00365588 0.0133278 0 0 0 0 0 0 0 0 0 0.0016197 0.0426211 0 0 0 0.100282 0.143042 0 0 0.000138831 0.0263779 0 0 0 0 0 0 0 0 0 0 0.000509047 0.0176778 0 0 0.000370216 0.219538 0 0 0 0.11597 0 0 0 0 0 0 0 0 0 0 0 0.000601601 0 0 0 0.157943 
0 0.044566 0.100975 0.00171225 0 0 0.00394768 0.0107491 0 0 0 0 0 0 0 0 0 9.51249e-005 0.0442806 0 0 0 0.103496 0.142878 0 0 4.75624e-005 0.0267776 0 0 0 0 0 0 0 0 0 0 0.000380499 0.0140785 0 0 0.000665874 0.219215 0 0 0 0.119762 0 0 0 0 0 0 0 0 0 0 0 0.00109394 0 0 0 0.165279 
0 0.0473333 0.100044 0.00266667 0 0 0.004 0.0106222 0 0 0 0 0 0 0 0 0 0.000488889 0.0412444 0 0 0 0.105244 0.150444 0 0 4.44444e-005 0.0287111 0 0 0 0 0 0 0 0 0 0 0 0.0140889 0 0 0 0.200622 0 0 0 0.115511 0 0 0 0 0 0 0 0 0 0 0 0 0 0 0 0.178933 
0 0.0432784 0.108954 0.0022006 0 0 0.00312974 0.0111008 0 0 0 0 0 0 0 0 0 0.000489021 0.04499 0 0 0 0.100543 0.140936 0 0 4.89021e-005 0.0271407 0 0 0 0 0 0 0 0 0 0 0.000635728 0.0174092 0 0 0.000244511 0.219131 0 0 0 0.120006 0 0 0 0 0 0 0 0 0 0 0 0.000195609 0 0 0 0.159568 
0.0072428 0.00631001 0 0 0 0.000164609 5.48697e-005 0 0 0 0 0 0 0 0 0 0.0177778 0.00263374 0 0 0.0186008 0.0285871 0.000219479 0 0 0 0.000329218 0 0 0 0 5.48697e-005 0 0 0 0 0.0441152 0.0960768 0.000823045 0 0 0.0498765 0.0373114 0.000164609 0 0 0 0.000493827 0 0 0 0 0 0 0 0 0 0.0201372 0.0720439 0.000384088 0 0 0.217723 0.378875 
0.00516044 0.00497279 0 0 0 0.000234566 9.38262e-005 0 0 0 0 0 0 0 0 0 0.0140739 0.0035654 0 0 0.0156221 0.0289923 0.000562957 0 0 0 0.00267405 0.000187652 0 0 0 0 0 0 0 0 0.0338244 0.098283 0.000422218 0 0 0.0440983 0.0466316 0.000797523 0 0 0 0.00783449 0 0 0 0 0 0 0 0 0 0.0149653 0.0770313 0.000703697 0 0 0.202712 0.396557 
0.00855142 0.00660009 0 0 0 0 0 0 0 0 0 0 0 0 0 0 0.019169 0.00229568 0 0 0.0296717 0.0237603 0 0 0 0 0 0 0 0 0 0 0 0 0 0 0.0453398 0.0879821 0.000229568 0 0 0.0501607 0.0317952 0 0 0 0 0 0 0 0 0 0 0.000114784 0 0 0 0.023129 0.0689853 5.73921e-005 0 0 0.206038 0.39612 
