0.030378 0 0 0 0 0 0 0 0 0 0 0 0 0 0 0 0.332622 5.20616e-005 0 0 0.0817368 0.00525823 0 0 0 0 0 0 0 0 0 0 0 0 0 0 0.0441483 0.0689817 2.60308e-005 0 0 0.143794 0.00242087 0 0 0 0 0 0 0 0 0 0.000130154 0.00184819 0 0 0 0.0193409 0.0145512 5.20616e-005 0 5.20616e-005 0.24495 0.00965743 
0.0410733 0 0 0 0 0 0 0 0 0 0 0 0 0 0 0 0.381052 2.22499e-005 0 0 0.0754717 0.00703097 0 0 0 0 0 0 0 0 0 0 2.22499e-005 0 0 0 0.0406728 0.055024 2.22499e-005 0 0 0.127047 0.00393823 0 0 0 0 0 0 0 0 0 0.000266999 0.00140174 0 0 0 0.0136169 0.0123932 4.44998e-005 0 4.44998e-005 0.216247 0.0246084 
0.0722861 0 0 0 0 0 0 0 0 0 0 0 0 0 0 0 0.408293 1.81077e-005 0 0 0.068067 0.00693526 0 0 0 0 0 0 0 0 0 0 1.81077e-005 0 0 0 0.0334088 0.0452331 1.81077e-005 0 0 0.113101 0.00416478 0 0 0 0 0 0 0 0 0 0.000199185 0.00114079 0 0 0 0.0112268 0.0102309 3.62155e-005 0 3.62155e-005 0.176279 0.0493074 
0.0467601 0.129203 0 0 0 0 0 0 0 0 0 0 0 0 0 0 0.000294089 0.217822 0.00921478 0 0 0.0414665 0.00754828 0 0 0 0 0 0 0 0 0 0 0.0043133 0.000980296 0 0 0.0372512 0.142535 0.00813646 0 0.000392118 0.0930301 0.0135281 0 0 0 9.80296e-005 0 0 0 0 0 0 0.000686207 0.000588178 0 0 0.056367 0.0539163 0 0 0.0579355 0.0779335 
0.0504753 0.134337 0 0 0 0 0 0 0 0 0 0 0 0 0 0 0.00033952 0.166818 0.00792214 0 0 0.0409688 0.00769579 0 0 0 0 0 0 0 0 0 0 0 0.00113173 0 0 0.0399502 0.152558 0.00871435 0 0.00067904 0.106043 0.0135808 0 0 0 0 0 0 0 0 0 0 0.000792214 0.00067904 0 0 0.0664328 0.0576053 0 0 0.0660933 0.0771842 
0.0461719 0.130183 0 0 0 0 0 0 0 0 0 0 0 0 0 0 0.000294089 0.217528 0.00921478 0 0 0.0414665 0.00735222 0 0 0 0 0 0 0 0 0 0 0.00421527 0.000980296 0 0 0.0371532 0.142535 0.00813646 0 0.000588178 0.0930301 0.0139202 0 0 0 9.80296e-005 0 0 0 0 0 0 0.000686207 0.000588178 0 0 0.0559749 0.0533281 0 0 0.0608764 0.0756789 
0.0471522 0.129007 0 0 0 0 0 0 0 0 0 0 0 0 0 0 0.000294089 0.217724 0.00921478 0 0 0.0413685 0.00735222 0 0 0 0 0 0 0 0 0 0 0.00421527 0.000980296 0 0 0.0369572 0.142535 0.00813646 0 0.000588178 0.0933242 0.0137241 0 0 0 9.80296e-005 0 0 0 0 0 0 0.000686207 0.000588178 0 0 0.056269 0.0536222 0 0 0.0605823 0.0755808 
0.0493145 0.137528 0 0 0 0 0 0 0 0 0 0 0 0 0 0 0.000318844 0.190456 0.00754597 0 0 0.040812 0.00754597 0 0 0 0 0 0 0 0 0 0 0 0.00106281 0 0 0.0371984 0.146881 0.00860878 0 0.000743969 0.100755 0.0139228 0 0 0 0 0 0 0 0 0 0 0.000743969 0.000637687 0 0 0.063131 0.0553725 0 0 0.061218 0.0762036 
0.0635487 0.110318 0 0 0 0 0 0 0 0 0 0 0 0 0 0 0.00158541 0.122077 0.00898401 0 0 0.0389748 0.00805919 0 0 0 0 0 0 0 0 0 0 0.000132118 0.00198177 0 0 0.04928 0.172282 0.00766284 0 0.000528471 0.105959 0.0124191 0 0 0 0 0 0 0 0 0 0 0.00158541 0.000924825 0 0 0.0882547 0.0685692 0 0 0.0792707 0.0576034 
0.0638129 0.118378 0 0 0 0 0 0 0 0 0 0 0 0 0 0 0.00158541 0.120227 0.00871978 0 0 0.0389748 0.00805919 0 0 0 0 0 0 0 0 0 0 0.000132118 0.00184965 0 0 0.04928 0.169904 0.00753072 0 0.000660589 0.105166 0.0113621 0 0 0 0 0 0 0 0 0 0 0.0014533 0.000924825 0 0 0.0861408 0.0677765 0 0 0.0809882 0.0570749 
