0.0668629 0.0364515 0 0 0 0 0 0 0 0 0 0 0 0 0 0 0.0583716 0.188989 0.000914806 0 0.00458576 0.151635 0.00809251 0.000164196 0 0 1.17283e-005 0 0 0 0 0 1.17283e-005 0 0.00212282 0.000316664 0.00273269 0.0124672 0.0134406 0.000633327 0 0.00336602 0.0371435 0.00748264 0 0 0 0 0 0 0 0 0 0.00075061 0.000152468 0.000398762 0 0.000562957 0.0608111 0.00604006 0 0 0.00490242 0.330585 
0.102474 0.0420791 0 0 0 0 0 0 0 0 0 0 0 0 0 0 0.0695663 0.192908 0.000369898 0 0.0048852 0.100969 0.00482143 0 0 0 0 0 0 0 0 0 6.37755e-005 1.27551e-005 0.00057398 0 0.00445153 0.00964286 0.00904337 0.000191327 0 0.00169643 0.033648 0.00192602 0 0 0 0 0 0 0 0 0.000102041 0.000331633 0.000165816 0.000395408 0 0.000727041 0.0368112 0.00399235 0 0 0.010676 0.367474 
0.000496713 0.219138 0.175836 8.76552e-005 0 0.00113952 0.014989 0.0491454 0 0 0 0 0 0 0 0 0 0.00248356 0.0168006 0.00149014 0 0.00362308 0.0811103 0.0489116 0 0 0.00154858 0.0115121 0 0 0 0 0 0 0 0 0 0 0.00210373 0.00280497 0 0 0.00449963 0.0253324 0 0 0 0.00607743 0 0 0 0 0 0 0 0 0 0 0 0.0112491 0 0 0 0.31962 
0.0013975 0.225347 0.178465 4.36719e-005 0 0.00342825 0.00997904 0.00506594 0 0 0 0 0 0 0 0 0 0.00259848 0.0204821 0.0016377 0 0.00360293 0.0747664 0.0401345 0 0 0.00362477 0.0351341 0 0 0 6.55079e-005 0 0 0 0 0 0 0.00251114 0.00345008 0 0 0.00626692 0.0384095 0 0 0 0.0624727 0 0 0 0 0 0 0 0 0 0 0 0.016508 0 0 0 0.264608 
0.0254379 0.060278 0 0 0 0 0 0 0 0 0 0 0 0 0 0 0.0132672 0.257614 0.0138976 0 0.00232998 0.0536444 0.0236287 0.000986815 0 0 0 0 0 0 0 0 0.000767523 2.74115e-005 0.000246704 0 0.00910063 0.0185302 0.029111 0.00868945 0.000301527 0.00254927 0.046627 0.0130753 0.000246704 0.000274115 0 0 0 0 0 0 0.000822346 0.000520819 0.0007127 0.000164469 0.000411173 0.00800417 0.0414736 0.0254105 0.000191881 0.00726406 0.0129108 0.321482 
0.0403181 0.0274234 0 0 0 0 0 0 0 0 0 0 0 0 0 0 0.0103484 0.219455 0.0393513 0 0.000803366 0.0355932 0.0123364 0.000953146 0 4.08491e-005 0.000217862 0 0 0 0 0 0.00189268 0.000517422 0.000544655 0 0.000272327 0.0153729 0.0152231 0.0109748 6.80819e-005 0.000571888 0.0159448 0.0114514 0 0 8.16982e-005 0.00014978 2.72327e-005 0 0 0 0.000313177 0.00211054 0.000708051 0.000953146 0.000122547 0.00194714 0.0562492 0.0283221 0 0 0.00554186 0.443798 
0.0033284 0.0033284 0 0 0.00647189 0.000554734 0 0 0 0 0 0 0 0 0 0 0.00184911 0.0700814 0.0171043 0 0.00563979 0.0909763 0.101424 0 0.00989275 0.045858 9.24556e-005 0 0.000184911 0.000924556 0 0 0 0 0.000184911 0 0 0.0105399 0.100037 0.00240385 0.00138683 0.0163646 0.0580621 0.013591 0.00120192 0.0150703 0.0191383 0 0 0 0 0 0 0 0 0 0 0 0.0367049 0.0393861 0 0.000462278 0.00813609 0.319619 
0.0122873 0.0022448 0 0 0.00626181 0.00141777 0 0 0.000354442 0.000590737 0 0 0 0 0 0 0.00531664 0.0896739 0.0180766 0 0.00567108 0.0798677 0.121574 0 0.00614367 0.0276465 0.000236295 0 0 0.00165406 0 0 0 0 0.000354442 0 0 0.0128781 0.0675803 0.00330813 0.000354442 0.012051 0.0581285 0.0163043 0 0.0114603 0.0115784 0 0 0 0 0 0 0 0.000118147 0 0 0.000118147 0.0365076 0.0469045 0 0.00047259 0.00862476 0.334239 
0.072379 0.0584505 0 0 0.00011125 0.000978996 0 0 0 0 0 0 0 0 0 0 0.0463688 0.107423 0.00736472 0 0.00173549 0.227795 0.0683962 0 0 0.000867747 2.22499e-005 0 0 0 0 0 0.0405838 0.00745372 0 0 0 0.0113475 0.0220497 0.000778747 0 0.00135724 0.0385146 0.0103907 0 0 0.00011125 0 0.000511748 0.000756497 0 0 0 0.000355999 0.000667497 0 0 2.22499e-005 0.0170879 0.00714222 0 0 0.00442773 0.244549 
0.0787197 0.0659602 0 0 7.20877e-005 0.000841023 0 0 0 0 0 0 0 0 0 0 0.0405613 0.114451 0.00533449 0 0.00192234 0.223976 0.0623558 0 0 0.00062476 7.20877e-005 0 0 0 0 0 0.0414264 0.00581507 0 0 0 0.0129277 0.0221549 0.000648789 0 0.00148981 0.0364043 0.00872261 0 0 0.000168205 2.40292e-005 0.000696847 0.000672818 0 0 0 0.000889081 0.000552672 0 0 0 0.0180219 0.00732891 0 0 0.00372453 0.24344 
0.0814896 0.0660363 0 0 0.000224613 0.000539071 0 0 0 0 0 0 0 0 0 0 0.0366569 0.109252 0.00707531 0 0.00235844 0.231958 0.0597695 0 0 0.00051661 2.24613e-005 0 0 0 0 0 0.040071 0.00768177 0 0 0 0.0138811 0.0227084 0.000314458 0 0.00166214 0.0389479 0.00932144 0 0 6.73839e-005 4.49226e-005 0.000202152 0.000359381 0 0 0 0.000808607 0.000269536 0 0 4.49226e-005 0.0173626 0.00772669 0 0 0.00431257 0.238315 
0.086969 0.0347511 0 0 0 0 0 0 0 0 0 0 0 0 0 0 0.0578145 0.151551 0.0054925 0 0.00619534 0.199344 0.00773115 0.000390462 0 0 0 0 0 0 0 0 0.00754894 7.80925e-005 0 0 0.000416493 0.0161131 0.00603915 0.00796543 0 0.00122345 0.03043 0.0173365 0 0 0 0 0.00124948 0 0 0 0 2.60308e-005 0 0 0 0.000234277 0.0293628 0.00320179 0 0 0.00395668 0.324578 
0.0996418 0.030328 0 0 0 0 0 0 0 0 0 0 0 0 0 0 0.0479528 0.169754 0.00559149 0 0.00476694 0.195573 0.0117756 0.000721482 0 0 0 0 0 0 0 0 0.0190935 0.000489577 0.00121106 0 0.000128836 0.0126517 0.011183 0.00791054 0 0.00208714 0.0305857 0.0116468 0 0 0 0 0.00461233 0.000386508 0 0 0 5.15344e-005 0.000154603 7.73017e-005 0 0.000257672 0.0347342 0.00546265 0 0 0.00430313 0.286866 
0.0982957 0.00700225 0 0 0 0 0 0 0 0 0 0 0 0 0 0 0.0688334 0.175981 0.00251024 0 0.00330295 0.20148 0.0418814 0 0 0 0 0 0 0 0 0 0.0401638 0.00647377 0 0 0.000528471 0.0258951 0.0322368 0.00105694 0 0.00277447 0.0355397 0.00819131 0 0 0 0 0.00951249 0.00607742 0 0 0 0.00607742 0.000924825 0 0 0.00871978 0.0281411 0.0146651 0 0 0.00264236 0.171093 
0.0547911 0.00416614 0 0 0 0 0 0 0 0 0 0 0 0 0 0 0.0778942 0.165383 0.00593359 0 0.00290367 0.231031 0.0407777 0 0 0 0 0 0 0 0 0 0.0467113 0.00239869 0 0 0.00075748 0.0248706 0.0234819 0.00353491 0 0.00290367 0.0421664 0.00593359 0 0 0 0 0.011236 0 0 0 0 0.00934226 0 0 0 0.0208307 0.0277743 0.00883727 0 0 0.00302992 0.18331 
0.0547521 0.00426136 0 0 0 0 0 0 0 0 0 0 0 0 0 0 0.0754132 0.16516 0.00451963 0 0.00245351 0.231405 0.0402893 0 0 0 0 0 0 0 0 0 0.0463585 0.00258264 0 0 0.000774793 0.0253099 0.0233729 0.00297004 0 0.00284091 0.043001 0.00568182 0 0 0 0 0.0127841 0 0 0 0 0.00968492 0 0 0 0.0211777 0.0285382 0.00916839 0 0 0.00271178 0.184788 
0.0565585 0.00366115 0 0 0 0 0 0 0 0 0 0 0 0 0 0 0.0756218 0.165131 0.00605984 0 0.00277743 0.23343 0.039894 0 0 0 0 0 0 0 0 0 0.0453226 0.00252493 0 0 0.00075748 0.0247444 0.0233556 0.00340866 0 0.00290367 0.0419139 0.00593359 0 0 0 0 0.0124984 0 0 0 0 0.0094685 0 0 0 0.0207045 0.0277743 0.00908976 0 0 0.00302992 0.183436 
0.053288 0.0673973 1.5747e-005 0 6.29882e-005 0.00015747 0 0 0 0 0 0 0 0 0 0 0.0773967 0.128354 0.00313366 0 0.000960569 0.209199 0.0541698 0.00481859 0 0 9.44822e-005 0 0 0 0 0 0 0 0.000141723 0 0 0.00669249 0.0233056 0.00486584 0 0.00110229 0.027888 0.00977891 0 0 0 0.000440917 0 0 0 0 0 0 0 3.14941e-005 0 4.72411e-005 0.0310374 0.00477135 0 0 0.00247229 0.288376 
0.0529092 0.0640117 0 0 1.67966e-005 5.03897e-005 0 0 0 0 0 0 0 0 0 0 0.0814129 0.13276 0.0029394 0 0.00203238 0.209235 0.03492 0.00700417 0 0 5.03897e-005 0 0 0 0 0 0 0 0.000117576 0 0 0.00712174 0.0126646 0.00524053 0 0.00105818 0.0295284 0.0109178 0 0 0 0.000302338 0 0 0 0 0 0 0 8.39828e-005 0 3.35931e-005 0.0389848 0.00431672 0 0 0.00248589 0.299802 
0.0516092 0.0710633 0 0 0 7.45368e-005 0 0 0 0 0 0 0 0 0 0 0.0623574 0.133749 0.00654433 0 0.00366721 0.212892 0.0440363 0.00809469 0 0 5.96294e-005 0 0 0 0 0 0 0 0.000566479 0 0 0.00684247 0.0174416 0.00924256 0 0.000879534 0.0275786 0.012552 0 0 0 0.00028324 0 0 0 0 0 0 0 2.98147e-005 0 2.98147e-005 0.0381777 0.00450202 0 0 0.00253425 0.285193 
0.0497633 0.0668195 0 0 0 4.43787e-005 0 0 0 0 0 0 0 0 0 0 0.0551923 0.146627 0.00785503 0 0.00282544 0.218743 0.0413018 0.00887574 0 0 0 0 0 0 0 0 0 0 0.000443787 0 0 0.00588757 0.0181805 0.00911243 0 0.000902367 0.027145 0.0135207 0 0 0 0.000414201 0 0 0 0 0 0 0 0.000147929 0 5.91716e-005 0.0363314 0.00751479 0 0 0.00196746 0.280325 
0.0321426 0.0555738 0 0 1.82628e-005 7.30514e-005 0 0 0 0 0 0 0 0 0 0 0.0318321 0.153043 0.00440134 0 0.000310468 0.231518 0.0355212 0.00584411 0 0 1.82628e-005 0 0 0 0 0 0 0 0.000529622 0 0 0.00726861 0.0135328 0.0134049 0 0.00166192 0.0334758 0.0125283 0 0 0 0.000219154 0 0 0 0 0 0 0 3.65257e-005 0 5.47885e-005 0.0377493 0.00483965 0 0 0.00434656 0.320056 
0.0194855 0.0443307 0 0 0 6.05611e-005 0 0 0 0 0 0 0 0 0 0 0.01835 0.133885 0.00566246 0 0.000393647 0.276931 0.0705537 0.00383049 0 0 3.02805e-005 0 0 0 0 0 0 0 0.000620751 0 0 0.00885706 0.0213326 0.0167149 0 0.00266469 0.0290239 0.0151706 0 0 0 0.000242244 0 0 0 0 0 0 0 3.02805e-005 0 0.000242244 0.0313858 0.00808491 0 0 0.00339142 0.288725 
0.0361549 0.0575022 0 0 0 3.71581e-005 0 0 0 0 0 0 0 0 0 0 0.0361177 0.151252 0.00392018 0 0.000520214 0.221072 0.03465 0.00696715 0 0 0 0 0 0 0 0 0 0 9.28954e-005 0 0 0.00889938 0.0131911 0.0129868 0 0.00180217 0.0321418 0.0130611 0 0 0 0.000185791 0 0 0 0 0 0 0 3.71581e-005 0 1.85791e-005 0.0377527 0.00477482 0 0 0.00382729 0.323034 
0.0853476 0.063167 0.000121405 0 0.000133545 0.00403064 3.64215e-005 0 0 0.000291372 0.000230669 0 0 0 0 0 0.067234 0.251551 0.00271947 0 0.000764851 0.0732679 0.0296592 0.0142044 3.64215e-005 0.00316867 0.00205174 0 0 0 1.21405e-005 0 0 0 0 0 0 0.00978523 0.0126382 0.00290158 0 0.00415205 0.0233704 0.004407 0 4.8562e-005 0.000594884 0.000643446 0 0 0 0 0 0.00025495 9.71239e-005 0 0 0.00025495 0.0352681 0.00208816 0 0 0.0059367 0.29953 
0.0601724 0.0859303 5.77101e-005 0 0 1.92367e-005 0 0 0 0 0 0 0 0 0 0 0.04511 0.219144 0.00217375 0 0.00111573 0.0466105 0.0211604 0.0109841 0 0 0 0 0 0 0 0 0 0 0 0 0 0.013658 0.00929132 0.00194291 0 0.0023084 0.0256425 0.00317405 0 0 0 0.000134657 0 0 0 0 0 0.000538627 0.00017313 0 0 0.000480917 0.0688096 0.00123115 0 0 0.00867575 0.37146 
0.0486766 0.0752407 8.06439e-005 0 0 4.83863e-005 0 0 0 0 0 0 0 0 0 0 0.0500314 0.248448 0.00145159 0 0.000935469 0.0522572 0.0275963 0.0160159 0 0 0 0 0 0 0 0 0 0 0 0 0 0.0142578 0.011774 0.00351607 0 0.0024677 0.0253706 0.00424187 0 0 0 0.000209674 0 0 0 0 0 0.000516121 0.00012903 0 0 0.000564507 0.0584829 0.00214513 0 0 0.00772568 0.347817 
0.0592182 0.0935248 0.00196709 0 0 0.000880786 0.000543151 4.40393e-005 0 0 0 0 0 0 0 0 0.0477386 0.224204 0.0110539 1.46798e-005 0.000910145 0.0476945 0.0348938 0.0181148 0 0 0.000748668 8.80786e-005 0 0 0 0 0 0 0 0 2.93595e-005 0.0139164 0.0110539 0.00381674 0 0.0023194 0.0240454 0.00527003 0 0 1.46798e-005 0.000543151 0 0 0 0 0 0.000543151 2.93595e-005 0 0 0.000513792 0.053082 0.00229004 0 0 0.00569575 0.335198 
0.0332986 0.0388484 0 0 0.00011562 0 0 0 0 0 0 0 0 0 0 0 0.0493699 0.187421 0.000231241 0 0.00485605 0.0973523 0.0386172 0 0 0.00462481 0 0 0 0 0 0 0 0 0.000693722 0 0 0.0165337 0.0351486 0.0017343 0 0.00404671 0.0282114 0.00254365 0 0 0 0 0 0 0 0 0 0.00104058 0.00011562 0.00138744 0 0 0.0289051 0.0164181 0 0 0.00589664 0.40259 
0.0278952 0.0400918 0 0 0 0 0 0 0 0 0 0 0 0 0 0 0.0385219 0.181258 0.000845309 0 0.00362275 0.116653 0.0362275 0 0 0.00470958 0 0 0 0 0 0 0.000120758 0.000241517 0.000483033 0 0.000120758 0.0188383 0.0348992 0.00072455 0 0.00313972 0.0258423 0.00326048 0 0 0.000241517 0 0 0 0 0 0 0 0 0.00229441 0 0 0.0307934 0.0158193 0 0 0.00470958 0.408646 
0.173735 0.043731 0 0 0 0 0 0 0 0 0 0 0 0 0 0 0.0467697 0.243361 0.0105694 0 0.00488836 0.0566786 0.0338222 0.000132118 0 0 0 0 0 0 0 0 0.000528471 0.000132118 0.000528471 0 0.0270842 0.0364645 0.0258951 0.00502048 0 0.012287 0.0502048 0.00554895 0 0 0 0 0 0 0 0 0 0.00198177 0 0.000528471 0 0.0014533 0.0264236 0.0116264 0 0 0.00488836 0.175717 
0.172282 0.0439952 0 0 0 0 0 0 0 0 0 0 0 0 0 0 0.0475624 0.243757 0.0105694 0 0.00502048 0.056018 0.0342185 0.000132118 0 0 0 0 0 0 0 0 0.000528471 0.000132118 0.000528471 0 0.0270842 0.0365966 0.0260272 0.00462412 0 0.012287 0.0500727 0.00581319 0 0 0 0 0 0 0 0 0 0.00198177 0 0.000528471 0 0.0014533 0.0264236 0.0117585 0 0 0.00488836 0.175717 
0.172678 0.0435989 0 0 0 0 0 0 0 0 0 0 0 0 0 0 0.0471661 0.244154 0.0105694 0 0.00502048 0.0558859 0.0343506 0.000132118 0 0 0 0 0 0 0 0 0.000528471 0.000132118 0.000528471 0 0.0270842 0.0365966 0.0262915 0.00449201 0 0.0121548 0.0500727 0.00581319 0 0 0 0 0 0 0 0 0 0.00198177 0 0.000528471 0 0.0014533 0.0264236 0.0117585 0 0 0.00488836 0.175717 
0.174815 0.0450617 0 0 0 0 0 0 0 0 0 0 0 0 0 0 0.0461728 0.235802 0.0161728 0 0.00530864 0.0555556 0.0338272 0.000123457 0 0 0 0 0 0 0 0 0.000493827 0.000123457 0.000493827 0 0.0261728 0.0354321 0.0249383 0.00530864 0 0.0125926 0.0545679 0.00555556 0 0 0 0 0 0 0 0 0 0.00185185 0 0.000493827 0 0.00135802 0.0265432 0.0116049 0 0 0.00530864 0.174321 
0.173735 0.0455807 0 0 0 0 0 0 0 0 0 0 0 0 0 0 0.0461091 0.236491 0.0126833 0 0.00488836 0.0556216 0.0348791 0.000132118 0 0 0 0 0 0 0 0 0.000528471 0.000132118 0.000528471 0 0.0268199 0.036993 0.0258951 0.00554895 0 0.0124191 0.0511296 0.00554895 0 0 0 0 0 0 0 0 0 0.00198177 0 0.000528471 0 0.0014533 0.0264236 0.0116264 0 0 0.00462412 0.177699 
0.17466 0.0428062 0 0 0 0 0 0 0 0 0 0 0 0 0 0 0.0458449 0.244154 0.0105694 0 0.00634166 0.0545647 0.0342185 0.000132118 0 0 0 0 0 0 0 0 0.000528471 0.000132118 0.000528471 0 0.0268199 0.036993 0.0258951 0.0051526 0 0.0121548 0.0503369 0.00541683 0 0 0 0 0 0 0 0 0 0.00198177 0 0.000528471 0 0.0014533 0.0266878 0.0117585 0 0 0.00462412 0.175717 
0.175188 0.0428062 0 0 0 0 0 0 0 0 0 0 0 0 0 0 0.0455807 0.24389 0.0105694 0 0.0051526 0.0557537 0.0340864 0.000132118 0 0 0 0 0 0 0 0 0.000528471 0.000132118 0.000528471 0 0.0268199 0.036993 0.0260272 0.0051526 0 0.0121548 0.0500727 0.00528471 0 0 0 0 0 0 0 0 0 0.00198177 0 0.000528471 0 0.0014533 0.026952 0.0118906 0 0 0.00462412 0.175717 
0.202346 0.0385185 0 0 0 0 0 0 0 0 0 0 0 0 0 0 0.100617 0.193333 0.00580247 0 0.00444444 0.0440741 0.0360494 0.000864198 0 0 0 0 0 0 0 0 0 0 0 0 0.000246914 0.0198765 0.0339506 0.0062963 0 0.00617284 0.0344444 0.0037037 0 0 0 0 0 0 0 0 0 0.000246914 0 0 0 0.00111111 0.0276543 0.0209877 0 0 0.00703704 0.212222 
0.202874 0.0384012 0 0 0 0 0 0 0 0 0 0 0 0 0 0 0.104698 0.193213 0.00567564 0 0.00410578 0.0440768 0.0361068 0.00120758 0 0 0 0 0 0 0 0 0 0 0 0 0.000120758 0.0213742 0.0341746 0.00627944 0 0.00567564 0.0340539 0.00410578 0 0 0 0 0 0 0 0 0 0.000241517 0 0 0 0.00108683 0.0277744 0.0216157 0 0 0.00688323 0.206255 
0.188395 0.0430864 0 0 0 0 0 0 0 0 0 0 0 0 0 0 0.109877 0.191975 0.00555556 0 0.00419753 0.047284 0.034321 0.00160494 0 0 0 0 0 0 0 0 0 0 0 0 0 0.0208642 0.0327161 0.00716049 0 0.00493827 0.0324691 0.00444444 0 0 0 0 0 0 0 0 0 0.00037037 0 0 0 0.000987654 0.0280247 0.0204938 0 0 0.0054321 0.215802 
0.185556 0.0435802 0 0 0 0 0 0 0 0 0 0 0 0 0 0 0.109753 0.195556 0.00382716 0 0.00419753 0.047284 0.0348148 0.00148148 0 0 0 0 0 0 0 0 0 0 0 0 0 0.0214815 0.0338272 0.00641975 0 0.00506173 0.0317284 0.0045679 0 0 0 0 0 0 0 0 0 0.00037037 0 0 0 0.000987654 0.0283951 0.0218519 0 0 0.0054321 0.213827 
0.188889 0.0423457 0 0 0 0 0 0 0 0 0 0 0 0 0 0 0.104691 0.19716 0.00395062 0 0.00419753 0.0469136 0.0355556 0.00148148 0 0 0 0 0 0 0 0 0 0 0 0 0 0.0208642 0.0341975 0.00641975 0 0.00493827 0.0322222 0.0045679 0 0 0 0 0 0 0 0 0 0.000493827 0 0 0 0.000987654 0.0285185 0.0220988 0 0 0.0054321 0.214074 
0.183933 0.0230788 0 0 0.00464365 0.0117188 0 0 0 0 0 0 0 0 0 0 0.0123366 0.124203 0.00171397 0 0.00145488 0.0902822 0.0106425 0 0 0 0 0 0 0 0 0 0.000199298 0.00803173 0.000358737 0 0.000139509 0.0156449 0.0192323 0.000418527 0 0.000737404 0.0247728 0.00902822 0 0 0 3.98597e-005 0 0.000139509 0 0 0 0.0185746 0.0087492 0.000219228 0 0.00119579 0.0607063 0.0264469 0 0 0.00219228 0.339166 
0.195967 0.0304295 0 0 0.00436647 0.0115857 0 0 0 0 0 0 0 0 0 0 0.0111588 0.140581 0.00186303 0 0.00114499 0.0832153 0.0114305 0 0 0 3.88131e-005 0 0 0 0 0 1.94065e-005 0.00811194 0.000368724 0 3.88131e-005 0.0160686 0.0177182 0.000388131 0 0.000795668 0.0247822 0.00921811 0 0 0 0 0 0.000271692 0 0 0 0.0103437 0.0154864 0.000213472 0 0.00100914 0.0531739 0.0300607 0 0 0.00225116 0.317899 
0.0418 0.0389 0 0 0 0 0 0 0 0 0 0 0 0 0 0 0.0116 0.205 0.0003 0 0.0006 0.088 0.0708 0 0 0 0 0 0 0 0 0 0 0 0 0 0 0.0156 0.0339 0.0068 0 0.0022 0.0633 0.0172 0 0 0 0.0004 0 0 0 0 0 0.0001 0.0002 0 0 0.0008 0.0328 0.0165 0 0 0.003 0.3502 
0.0413277 0.0416975 0 0 0 0 0 0 0 0 0 0 0 0 0 0 0.0107249 0.203772 0.000647189 0 0.000554734 0.103088 0.0794194 0 0 0 0 0 0 0 0 0 0 0 0 0 0 0.014608 0.0333765 0.00795118 0 0.00212648 0.0602811 0.0160873 0 0 0 0.000369822 0 0 0 0 0 9.24556e-005 0.000184911 0 0 0.000739645 0.0310651 0.0164571 0 0 0.00277367 0.332655 
0.0173512 0.0535242 0 0 0 0 0 0 0 0 0 0 0 0 0 0 0.0103911 0.241251 0.00205862 0 0.000196059 0.0841094 0.0590138 0 0 0 9.80296e-005 0 0 0 0 0 0 0 0 0 0 0.0121557 0.02637 0.00774434 0 0.00196059 0.046368 0.0163709 0 0 0 0.000196059 0 0 0 0 0 0.000196059 0 0 0 0.000588178 0.029899 0.0129399 0 0 0.00499951 0.372218 
0.0185836 0.0546413 0 0 0 0 0 0 0 0 0 0 0 0 0 0 0.00952293 0.247504 0.00314349 0 0.000184911 0.0905141 0.0586169 0 0 0 9.24556e-005 0 0 0 0 0 0 9.24556e-005 0 0 0 0.0120192 0.0258876 0.00776627 0 0.00203402 0.0496487 0.0171043 0 0 0 0.000184911 0 0 0 0 0 0.000184911 0 0 0 0.000647189 0.0306028 0.012574 0 0 0.00517751 0.353273 
0.0180288 0.0561206 0 0 0 0 0 0 0 0 0 0 0 0 0 0 0.00970784 0.245007 0.00323595 0 0.000184911 0.0941198 0.0581546 0 0 0 9.24556e-005 0 0 0 0 0 0 9.24556e-005 0 0 0 0.0119268 0.0255178 0.00813609 0 0.00203402 0.0494638 0.0165496 0 0 0 0.000184911 0 0 0 0 0 0.000184911 0 0 0 0.000647189 0.0304179 0.0126664 0 0 0.0049926 0.352533 
0.0184544 0.0533449 0 0 0 0 0 0 0 0 0 0 0 0 0 0 0.00999616 0.241061 0.00317186 0 0.000192234 0.0872741 0.0566128 0 0 0 9.61169e-005 0 0 0 0 0 0 9.61169e-005 0 0 0 0.0118224 0.0267205 0.00836217 0 0.00192234 0.0466167 0.0149942 0 0 0 0.000192234 0 0 0 0 0 0.000192234 0 0 0 0.000576701 0.0298923 0.0132641 0 0 0.00519031 0.369954 
0.0189197 0.0522498 0 0 0 0 0 0 0 0 0 0 0 0 0 0 0.010097 0.237722 0.00313695 0 0.000196059 0.0872464 0.0569552 0 0 0 9.80296e-005 0 0 0 0 0 0 9.80296e-005 0 0 0 0.0120576 0.0269581 0.00843055 0 0.00196059 0.0473483 0.0146064 0 0 0 0.000196059 0 0 0 0 0 0.000196059 0 0 0 0.000588178 0.0304872 0.0137241 0 0 0.0052936 0.371434 
0.0236592 0.0546706 0 0 0 0 0 0 0 0 0 0 0 0 0 0 0.0136676 0.245735 0.00122537 0 0.000471298 0.0920916 0.0604204 0 0 0 0.000188519 0 0 0 0 0 0 0 0 0 0 0.0143275 0.0271468 0.00678669 0 0.00226223 0.0488265 0.0111226 0 0 0 0.000188519 0 0 0 0 0 9.42596e-005 0 0 0 0.000377038 0.0300688 0.0131021 0 0 0.00358186 0.349986 
0.0299885 0.0555556 0 0 0 0 0 0 0 0 0 0 0 0 0 0 0.0118224 0.239043 0.00182622 0 0.000288351 0.0862168 0.0584391 9.61169e-005 0 0 9.61169e-005 0 0 0 0 0 0 0 0 0 0 0.014802 0.0285467 0.00672818 0 0.0011534 0.0514225 0.0130719 0 0 0 0 0 0 0 0 0 0.000288351 9.61169e-005 0 0 0.000865052 0.0325836 0.013168 0 0 0.00403691 0.349865 
0.0131027 0.0422686 0 0 0 0.00150763 0 0 0 0 0 0 0 0 0 0 0.0177627 0.144048 0.00496149 0 0.00567419 0.249938 0.0278775 5.48231e-005 0 8.22346e-005 0.00471478 0 0 0 0 0 0 0 0.000548231 5.48231e-005 0 0.0127189 0.0237384 0.00608536 0 0.0256846 0.0716811 0.0080864 0 0 0 0 0 0 0 0 0 0 0 0.000328938 0 0.000191881 0.0330309 0.00967627 0 0 0.00331679 0.292865 
0.0253557 0.0402675 0 0 0 0.00153505 0 0 0 0 0 0 0 0 0 0 0.0196815 0.172747 0.00627724 0 0.00718182 0.20904 0.0250541 0.00035635 0 5.48231e-005 0.00496149 0 0 0 0 0 0 0 0.000685288 5.48231e-005 0 0.0117595 0.0206409 0.00674324 0 0.028645 0.0712974 0.00764782 0 0 0 0 0 0 0 0 0 0 2.74115e-005 0.000438584 0 0.000301527 0.0325923 0.00819605 0 0 0.00263151 0.295825 
0.0160701 0.0413733 0 0 0 0.00113952 0 0 0 0 0 0 0 0 0 0 0.0197809 0.153601 0.00321402 0 0.00701242 0.232579 0.0248356 5.84368e-005 0 5.84368e-005 0.00514244 0 0 0 0 0 0 0 0.000584368 8.76552e-005 0.00017531 0.0121841 0.0200438 0.00511322 0 0.0195471 0.0724909 0.00899927 0 0 0 0 0 0 0 0 0 0 0 0.000321402 0 0.000292184 0.0344777 0.00917458 0 0 0.0030095 0.308634 
0.0175617 0.0403086 0 0 0 0.00182099 0 0 0 0 0 0 0 0 0 0 0.0167901 0.157809 0.00154321 0 0.00679012 0.229383 0.0212037 0.000154321 0 6.17284e-005 0.00469136 0 0 0 0 0 0 0 0.000864198 6.17284e-005 0 0.0123148 0.0174074 0.00376543 0 0.0198148 0.0738272 0.00851852 0 0 0 0 0 0 0 0 0 0 6.17284e-005 0.000339506 0 0.000308642 0.0364815 0.0082716 0 0 0.0032716 0.316574 
0.0194753 0.039784 0 0 0 0.00117284 0 0 0 0 0 0 0 0 0 0 0.0162037 0.15537 0.0012037 0 0.00558642 0.229352 0.0237037 9.25926e-005 0 0 0.00388889 0 0 0 0 0 0 0 0.000771605 6.17284e-005 3.08642e-005 0.0129938 0.0183025 0.0032716 0 0.0204938 0.0749383 0.00830247 0 0 0 0 0 0 0 6.17284e-005 0 0.000679012 9.25926e-005 0.000339506 0 0.000524691 0.037963 0.0106173 0 0 0.00348765 0.311235 
0.0208327 0.0392163 0 0 0 0.00146939 0 0 0 0 0 0 0 0 0 0 0.0164245 0.156767 0.000587755 0 0.00597551 0.227331 0.0188082 0.000130612 0 0.000163265 0.00378776 0 0 0 0 0 0 0 0.00084898 6.53061e-005 0 0.011951 0.0163592 0.00277551 0 0.0167837 0.0752653 0.0096 0 0 0 3.26531e-005 0 0 0 6.53061e-005 0 0 0 0.000555102 0 0.000457143 0.037649 0.00646531 0 0 0.0032 0.326433 
0.0267148 0.038409 0 0 0 0 0 0 0 0 0 0 0 0 0 0 0.0624278 0.204895 0.00126046 0 0.0324218 0.17762 0.0221981 0 0 0 0 0 0 0 0 0 0 0 0.000770281 0 3.50128e-005 0.00892826 0.0216379 0.00675747 0 0.0013655 0.021953 0.00689752 0 0 0 0 0 0 0 0 0 0.000105038 0 0.000210077 0 0.000490179 0.021813 0.0157558 0 0 0.00416652 0.323168 
0.0804686 0.0508475 0 0 0 0 0 0 0 0 0 0 0 0 0 0 0.049826 0.230138 0.000383032 0 0.00239395 0.131954 0.0144914 0 0 0 0 0 0 0 0 0 0.000159597 0.0011491 0.000255354 0 0.00130869 0.0238437 0.0226946 0.0036388 9.57579e-005 0.0234607 0.0206518 0.0100227 0 0 0 6.38386e-005 0 0 0 0 0 0.000542628 9.57579e-005 9.57579e-005 3.19193e-005 0.0123209 0.0492196 0.0169172 0 0 0.00271314 0.250215 
0.0138528 0.0202263 0 0 0 0.000260146 0 0 0 0 0 0 0 0 0 0 0.00734912 0.144446 0.00162591 0 0.000780437 0.0753772 0.0295916 6.50364e-005 0 0 0.000585328 6.50364e-005 0 0 0 0 0 6.50364e-005 0.000390219 0 0 0.0156738 0.0235432 0.0130723 0 0.00247138 0.0610042 0.0837669 0 0 0 0.000650364 0 0 0 0 0 6.50364e-005 0 0.000390219 0 0.000195109 0.039282 0.00962539 0 0 0.00370708 0.451873 
0.00811768 0.0114746 0 0 0 0.00115967 0 0 0 0 0 0 0 0 0 0 0.00878906 0.150513 0.00445557 0 0.000366211 0.0916748 0.0444946 6.10352e-005 0 0.000244141 0.000549316 0.000244141 0 0 0 0 0 0 0.000793457 0 6.10352e-005 0.0128784 0.0228882 0.0146484 0 0.0065918 0.0692749 0.108337 0 0 0 0.000366211 0 0 0 0 0 0.00109863 0.00012207 0 0 0.000488281 0.0391846 0.0112915 0 0 0.00280762 0.387024 
0.0198577 0.0401171 0 0 0 0.000516529 0 0 0 0 0 0 0 0 0 0 0.00820707 0.169479 0.00114784 0 0.000459137 0.0760445 0.0307048 5.73921e-005 0 0.000229568 0.0014348 0.000401745 0 0 0 0 0 0 5.73921e-005 0 5.73921e-005 0.0147498 0.0169307 0.00614095 0 0.00591139 0.0521694 0.0668044 0 0 0 0.000401745 0 0 0 0 0 0.00286961 0.000344353 0.000114784 0 0.000573921 0.0298439 0.00964187 0 0 0.00344353 0.441288 
0.351563 0.0489366 0 0 0 0 0 0 0 0 0 0 0 0 0 0 0.02398 0.185004 0.00987413 0 0.00119358 0.0276693 0.031467 0.000434028 0 0 0 0 0 0 0 0 0 0.000108507 0 0 0 0.0176866 0.0203993 0.00455729 0 0.00238715 0.0364583 0.00434028 0 0 0 0 0 0 0 0 0 0.000217014 0 0.000108507 0 0.00173611 0.0297309 0.0119358 0 0 0.00444878 0.185764 
0.392099 0.0501235 0 0 0 0 0 0 0 0 0 0 0 0 0 0 0.0261728 0.198148 0.00888889 0 0.00037037 0.0234568 0.0238272 0.000246914 0 0 0 0 0 0 0 0 0 0.000123457 0 0 0 0.0133333 0.0183951 0.00345679 0 0.00271605 0.0309877 0.00444444 0 0 0 0 0 0 0 0 0 0.000123457 0.000123457 0 0 0.000246914 0.0274074 0.0109877 0 0 0.00320988 0.161111 
0.395967 0.0498732 0 0 0 0 0 0 0 0 0 0 0 0 0 0 0.0262046 0.195629 0.0103852 0 0.000362275 0.0223403 0.0246347 0.000241517 0 0 0 0 0 0 0 0 0 0.000120758 0 0 0 0.0130419 0.018476 0.00350199 0 0.00253593 0.0310349 0.00458882 0 0 0 0 0 0 0 0 0 0.000120758 0.000120758 0 0 0.000241517 0.0270499 0.0106267 0 0 0.00326048 0.159643 
0.052877 0.0549839 0 0 0 0 0 0 0 0 0 0 0 0 0 0 0.00692437 0.170514 0.000321168 0 0.000719415 0.223391 0.0376665 0.00323737 0 0 3.85401e-005 0 0 0 0 0 0 2.56934e-005 0.000372554 0 1.28467e-005 0.00885138 0.0158785 0.0151591 0 0.00132321 0.0408397 0.0108812 0 0 0 0 0 0 0 0 0 0.000128467 6.42335e-005 0.000179854 0 0.000282627 0.0419959 0.00472759 0 0 0.00876145 0.299842 
0.0584196 0.0468876 0 0 0 0 0 0 0 0 0 0 0 0 0 0 0.00623101 0.181459 0.000356501 0 0.000279001 0.20677 0.015066 0.000310001 0 0.000155 0 0 0 0 0 0 0 0 0.000682001 0 0.0001085 0.011625 0.014911 0.00337901 0 0.002201 0.0327206 0.00810652 0 0 0 0 0 0 0 0 0 0.000279001 3.10001e-005 0.0002015 0 0.0022785 0.0748497 0.00565751 0 0 0.00911402 0.317921 
0.0586359 0.0418391 0 0 0 0.000116543 0 0 0 0 0 0 0 0 0 0 0.0160247 0.191976 0.000946915 0 0.0015879 0.1615 0.0193316 0 0 0 0 0 0 0 0 0 0 2.91358e-005 0.00173358 0 0 0.0105035 0.0206719 0.000247655 0 0.00183556 0.0204971 0.00238914 0 0 0 0 0 0 0 0 0 0.000131111 0.000101975 0.000364198 0 0.00238914 0.0399598 0.0112756 0 0 0.0132859 0.382626 
0.0689125 0.042238 0 0 0 6.80819e-005 0 0 0 0 0 0 0 0 0 0 0.0194578 0.188287 0.000803366 0 0.00242371 0.156438 0.0178511 0 0 0 0 0 0 0 0 0 0 1.36164e-005 0.00178374 0 5.44655e-005 0.0126496 0.0190902 0.000354026 0 0.0024101 0.0255988 0.00243733 0 0 0 0 0 0 0 0 0 0.000204246 0.000136164 0.000367642 0 0.00812897 0.0386296 0.0110293 0 0 0.0122547 0.368377 
0.227654 0.057037 0 0 0.000493827 0 0 0 0 0 0 0 0 0 0 0 0.0249383 0.205309 0.012963 0 0.00641975 0.0530864 0.0267901 0 0 0.000123457 0 0 0 0 0 0 0 0.000123457 0 0 0.0037037 0.0450617 0.0279012 0.00740741 0 0.00506173 0.0407407 0.00395062 0 0 0.000123457 0 0 0 0 0 0 0.000740741 0 0 0 0.000864198 0.0277778 0.0144444 0 0 0.0062963 0.200988 
0.227388 0.0556696 0 0 0.000483033 0 0 0 0 0 0 0 0 0 0 0 0.0304311 0.204806 0.0137665 0 0.00664171 0.0525299 0.0270499 0 0 0.000120758 0 0 0 0 0 0 0.000120758 0.000120758 0 0 0.00603792 0.0441976 0.0277744 0.00736626 0 0.00470958 0.0403333 0.00398503 0 0 0.000120758 0 0 0 0 0 0 0.00072455 0 0 0 0.000845309 0.0270499 0.0138872 0 0 0.00615868 0.197681 
0.220022 0.0566357 0 0 0.000241517 0 0 0 0 0 0 0 0 0 0 0 0.0297066 0.20867 0.0132834 0 0.00664171 0.0556696 0.0275329 0 0 0.000120758 0 0 0 0 0 0 0 0.000120758 0 0 0.00410578 0.0466127 0.0277744 0.00736626 0 0.00470958 0.0403333 0.00386427 0 0 0.000120758 0 0 0 0 0 0 0.00072455 0 0 0 0.000845309 0.0270499 0.014008 0 0 0.00627944 0.197561 
0.220247 0.0575309 0 0 0.000123457 0 0 0 0 0 0 0 0 0 0 0 0.0265432 0.210864 0.0124691 0 0.00666667 0.0538272 0.0272839 0 0 0 0 0 0 0 0 0 0 0.000123457 0 0 0.00493827 0.0469136 0.0277778 0.00716049 0 0.00444444 0.0401235 0.00395062 0 0 0 0 0 0 0 0 0 0.000740741 0 0 0 0.000864198 0.0276543 0.0145679 0 0 0.00641975 0.198765 
0.219332 0.0571164 0 0 0.000462481 0 0 0 0 0 0 0 0 0 0 0 0.0279801 0.204995 0.0144525 0 0.00867152 0.0604694 0.0313331 0.00011562 0 0.000462481 0 0 0 0 0 0 0 0.00011562 0 0 0.00462481 0.044167 0.0271708 0.00763094 0 0.00474043 0.0413921 0.00369985 0 0 0.000346861 0 0 0 0 0 0 0.000693722 0 0 0 0.000924962 0.0256677 0.0139901 0 0 0.00612788 0.193317 
0.218985 0.057232 0 0 0.000578101 0 0 0 0 0 0 0 0 0 0 0 0.0285582 0.204648 0.0144525 0 0.0085559 0.0604694 0.0313331 0.00011562 0 0.000462481 0 0 0 0 0 0 0 0.00011562 0 0 0.00462481 0.0440513 0.0271708 0.00763094 0 0.00474043 0.0415077 0.00369985 0 0 0.000346861 0 0 0 0 0 0 0.000693722 0 0 0 0.000809342 0.0255521 0.0141057 0 0 0.0062435 0.193317 
0.150247 0.0575309 0 0 0.00358025 0.00135802 0 0 0 0 0 0 0 0 0 0 0.0806173 0.242222 0.0216049 0 0.00345679 0.0648148 0.02 0 0 0 0 0 0 0 0 0 0 0 0 0 0.00148148 0.0395062 0.0198765 0.00679012 0 0.00888889 0.0288889 0.00444444 0 0 0 0 0 0 0 0 0 0.00111111 0 0 0 0.00234568 0.0195062 0.0111111 0 0 0.00666667 0.203951 
0.154301 0.0560019 0 0 0.00354442 0.00129962 0 0 0 0 0 0 0 0 0 0 0.0804584 0.235468 0.022448 0 0.00366257 0.0653355 0.0219754 0.000236295 0 0.00047259 0 0 0 0 0 0 0 0 0 0 0.00141777 0.0401701 0.0245747 0.00602552 0 0.00874291 0.0290643 0.0044896 0 0 0 0 0 0 0 0 0 0.00177221 0 0 0 0.00354442 0.0200851 0.0107514 0 0 0.00626181 0.197897 
0.164321 0.0550617 0 0 0.00358025 0.00111111 0 0 0 0 0 0 0 0 0 0 0.0765432 0.235926 0.0190123 0 0.00518519 0.0614815 0.0232099 0.000246914 0 0.000246914 0 0 0 0 0 0 0 0 0.000123457 0 0.00111111 0.0387654 0.0233333 0.0062963 0 0.00864198 0.028642 0.0045679 0 0 0 0 0 0 0 0 0 0.000864198 0.000123457 0 0 0.00160494 0.0206173 0.011358 0 0 0.00691358 0.201111 
0.154691 0.0551866 0 0 0.00374351 0.00108683 0 0 0 0 0 0 0 0 0 0 0.0765608 0.236566 0.0208912 0 0.00386427 0.0675039 0.0218573 0.000241517 0 0.00072455 0 0 0 0 0 0 0 0 0 0 0.00156986 0.039971 0.0251177 0.00615868 0 0.00833233 0.0303103 0.00458882 0 0 0 0 0 0 0 0 0 0.000966067 0 0 0 0.00277744 0.0213742 0.0111098 0 0 0.00652095 0.198285 
0.152099 0.0558025 0 0 0.00382716 0.00111111 0 0 0 0 0 0 0 0 0 0 0.0780247 0.23963 0.0191358 0 0.0037037 0.0667901 0.0222222 0.000246914 0 0.000617284 0 0 0 0 0 0 0 0 0 0 0.00148148 0.0385185 0.0253086 0.00617284 0 0.00851852 0.0293827 0.00469136 0 0 0 0 0 0 0 0 0 0.000864198 0 0 0 0.00160494 0.0211111 0.0112346 0 0 0.00666667 0.201235 
0.153484 0.0566357 0 0 0.00374351 0.00108683 0 0 0 0 0 0 0 0 0 0 0.0798213 0.235962 0.0208912 0 0.00362275 0.0662963 0.021978 0.000241517 0 0.000603792 0 0 0 0 0 0 0 0 0 0 0.0014491 0.0397295 0.024997 0.00615868 0 0.00845309 0.028982 0.00458882 0 0 0 0 0 0 0 0 0 0.00108683 0 0 0 0.00253593 0.0207704 0.010989 0 0 0.00640019 0.199493 
0.286684 0.0333163 0 0 0 0 0 0 0 0 0 0 0 0 0 0 0.0828571 0.177551 0.00178571 0 0.000510204 0.025051 0.00357143 0 0 0 0 0 0 0 0 0 0.000612245 0 0 0 0.020102 0.0547449 0.00964286 0.000459184 0 0.00193878 0.0234184 0.00112245 0 0 0 0 0 0 0 0 0 0.00147959 0 0 0 0.0156122 0.045102 0.00765306 0 0 0.00418367 0.202602 
0.295173 0.0329111 0 0 0 0 0 0 0 0 0 0 0 0 0 0 0.0825957 0.174678 0.00210279 0 0.000440119 0.0248423 0.00361876 0 0 0 0 0 0 0 0 0 0.000635728 0 0 0 0.0197076 0.0534989 0.00958482 0.000440119 0 0.00185828 0.0231796 0.00122255 0 0 0 0 0 0 0 0 0 0.00136926 0 0 0 0.0147195 0.0458213 0.00767764 0 0 0.00415668 0.199765 
0.104658 0.057316 0 0 0 0 0 0 0 0 0 0 0 0 0 0 0.028658 0.214746 0.0161596 0 0.00151496 0.0661533 0.0517611 0.000252493 0 0 0 0 0 0 0 0 0 0.000252493 0 0 0.000631233 0.0265118 0.0410302 0.0299205 0 0.00214619 0.0754955 0.0169171 0 0 0 0 0 0 0 0 0 0.00037874 0 0 0 0.000126247 0.018432 0.0176745 0 0 0.0037874 0.225477 
0.132433 0.0481 0 0 0 0 0 0 0 0 0 0 0 0 0 0 0.0289105 0.201616 0.0180533 0 0.00201995 0.0599672 0.0391365 0.00100997 0 0 0 0 0 0 0 0 0 0 0 0 0.000883727 0.0324454 0.0414089 0.019442 0 0.00315617 0.0584522 0.00504987 0 0 0 0 0 0 0 0 0 0.00037874 0 0 0 0.000504987 0.0366115 0.0178008 0 0 0.00744855 0.245171 
0.130539 0.04911 0 0 0 0 0 0 0 0 0 0 0 0 0 0 0.028658 0.203383 0.0176745 0 0.0018937 0.0590835 0.0396415 0.00100997 0 0 0 0 0 0 0 0 0 0 0 0 0.000504987 0.0335816 0.039894 0.019947 0 0.00353491 0.0576947 0.00542861 0 0 0 0 0 0 0 0 0 0.000252493 0 0 0 0.000631233 0.0340866 0.0178008 0 0 0.00744855 0.248201 
0.131728 0.0502469 0 0 0 0 0 0 0 0 0 0 0 0 0 0 0.0293827 0.19963 0.0188889 0 0.00197531 0.06 0.0391358 0.000987654 0 0 0 0 0 0 0 0 0 0 0 0 0.000617284 0.0358025 0.0393827 0.02 0 0.00345679 0.0572839 0.00641975 0 0 0 0 0 0 0 0 0 0.00037037 0 0 0 0.000617284 0.0377778 0.0174074 0 0 0.00765432 0.241235 
0.130792 0.0520136 0 0 0 0 0 0 0 0 0 0 0 0 0 0 0.0294155 0.195682 0.0193157 0 0.0018937 0.0602197 0.0385052 0.00100997 0 0 0 0 0 0 0 0 0 0 0 0 0.000631233 0.0350966 0.0400202 0.019442 0 0.00403989 0.0589572 0.0056811 0 0 0 0 0 0 0 0 0 0.00037874 0 0 0 0.000883727 0.0326979 0.0161596 0 0 0.00770105 0.249463 
0.130792 0.0504987 0 0 0 0 0 0 0 0 0 0 0 0 0 0 0.0275218 0.203257 0.0178008 0 0.00201995 0.0584522 0.0396415 0.00100997 0 0 0 0 0 0 0 0 0 0 0 0 0.000504987 0.0329504 0.0412827 0.0190632 0 0.00403989 0.0575685 0.00542861 0 0 0 0 0 0 0 0 0 0.000252493 0 0 0 0.000883727 0.0329504 0.0180533 0 0 0.00807979 0.247948 
0.137861 0.0547911 0 0 0 0 0 0 0 0 0 0 0 0 0 0 0.0261331 0.186214 0.0218407 0 0.00164121 0.0530236 0.0391365 0.000504987 0 0 0 0 0 0 0 0 0 0 0.000126247 0 0.00100997 0.0334554 0.0392627 0.0205782 0 0.00277743 0.0618609 0.00504987 0 0 0 0 0 0 0 0 0 0.00037874 0 0 0 0.00126247 0.0328241 0.0164121 0 0 0.00833228 0.255523 
0.138366 0.0541598 0 0 0 0 0 0 0 0 0 0 0 0 0 0 0.0258806 0.190759 0.0201995 0 0.00164121 0.0542861 0.0391365 0.000504987 0 0 0 0 0 0 0 0 0 0 0.000126247 0 0.00100997 0.0332029 0.0400202 0.0203257 0 0.00277743 0.0608509 0.00479737 0 0 0 0 0 0 0 0 0 0.00037874 0 0 0 0.00126247 0.0326979 0.017927 0 0 0.00833228 0.251357 
0.0153633 0.019654 0 0 0 0.00221453 0 0 0 0 0 0 0 0 0 0 0.0109343 0.237093 0.000553633 0 0 0.0979931 0.0220069 0 0 0 0.00249135 0 0 0 0 0 0 0 0 0 0 0.00885813 0.030173 0.000968858 0 0.00110727 0.080692 0.0101038 0 0 0.000138408 0.000415225 0 0 0 0 0 0 0 0 0 0.000138408 0.0459516 0.0197924 0 0 0.0238062 0.36955 
0.0502746 0.0390661 0 0 0 0 0 0 0 0 0 0 0 0 0 0 0.0279954 0.134898 0.00513077 0 0.00681806 0.0829015 0.0148069 0.000585389 0 1.72173e-005 0 0 0 0 0 0 0.000206608 0 0.000413216 0 0.00411494 0.0191973 0.0148413 0.0136533 5.1652e-005 0.012362 0.0276855 0.0189907 0 0 0 0 0 0 0 0 0.0183709 0.0177855 6.88693e-005 0.000275477 3.44347e-005 0.034934 0.040719 0.00657702 0 0.000878084 0.107849 0.298497 
0.0538856 0.0385673 0 0 0 0 0 0 0 0 0 0 0 0 0 0 0.0198176 0.128272 0.00406155 0 0.0115894 0.072005 0.0140579 0.00110292 0 0 0 0 0 0 0 0 0.000192574 3.50134e-005 0.000805308 0 0.00428914 0.0188022 0.0179269 0.0214107 7.00268e-005 0.0102414 0.0354511 0.0185046 0 0 0 0 0 0 0 0 0.0142505 0.0107141 8.75335e-005 0.00015756 8.75335e-005 0.0340855 0.0440118 0.00703769 0 0.000997882 0.104865 0.312617 
0.056008 0.039927 0 0 0 0 0 0 0 0 0 0 0 0 0 0 0.0212806 0.128114 0.00609494 0 0.0119488 0.0715897 0.0139116 0.000981388 0 0 0 0 0 0 0 0 0.000189391 3.44347e-005 0.000791997 0 0.00430433 0.0184742 0.0177855 0.0227441 6.88693e-005 0.00995162 0.035175 0.018302 0 0 0 0 0 0 0 0 0.0132057 0.0114151 8.60867e-005 0.000154956 8.60867e-005 0.0334533 0.0434049 0.00690415 0 0.000964171 0.103528 0.30912 
0.159889 0.0299323 0 0 0 0 0 0 0 0 0 0 0 0 0 0 0.205669 0.0998479 0.000330622 0 0.0107562 0.0739051 0.00789085 2.20415e-005 0 0 0 0 0 0 0 0 0.000132249 0 0.000242456 0 0.00815535 0.0265159 0.00670061 0.00251273 0 0.00449646 0.0212921 0.00764839 0 0 0 0 0 0 0 0 0.00379113 0.0117922 6.61244e-005 2.20415e-005 0 0.0074941 0.0343627 0.00385726 0 0.000198373 0.0178536 0.254623 
0.0651427 0.0254411 0 0 0 0 0 0 0 0 0 0 0 0 0 0 0.026901 0.12587 0.00149549 0 0.00893731 0.0945717 0.0152041 0.000284855 0 0 0 0 0 0 0 0 5.34102e-005 0 0.00062312 0 0.0132813 0.0276843 0.0167352 0.00457548 0 0.00642703 0.027898 0.0142427 0 0 0 0 0 0 0 0 0.0025815 0.0407342 5.34102e-005 0.000160231 0 0.0363724 0.0495469 0.00740622 0 7.12137e-005 0.0797415 0.307963 
0.00872497 0.0191685 0 0 0 0 0 0 0 0 0 0 0 0 0 0 0.0136823 0.361227 0.0119638 0 0.00495737 0.0482517 0.0116994 0.000462688 0 0 0 0 0 0 0 0 0 0 0 0 0.00469297 0.0117655 0.0100469 0.00138806 0.000793179 0.0072708 0.0310001 0.0037015 0 0 0 0 0 0 0 0 0 0 0 0 6.60982e-005 0.0103113 0.0115011 0.00251173 0 0.100866 0.00945205 0.314495 
0.00707251 0.0196312 0 0 0 0 0 0 0 0 0 0 0 0 0 0 0.0142772 0.357459 0.0120299 0 0.00515566 0.0501686 0.0125587 0.000198295 0 0 0 0 0 0 0 0 0 0 0 0 0.00429638 0.0120299 0.0100469 0.00191685 0.000462688 0.00799788 0.0293476 0.00343711 0 0 0 0 0 0 0 0 0 0 0 0 0.000198295 0.0101791 0.0105757 0.00297442 0 0.102188 0.00859277 0.317205 
0.00606935 0.0138814 0 0 0 0 0 0 0 0 0 0 0 0 0 0 0.0122589 0.349078 0.0174268 0 0.00528814 0.0690463 0.0112373 0 0 0 0 0 0 0 0 0 0 0 0 0 0.00300463 0.0115979 0.00913407 0.00198305 0.000781203 0.00757166 0.0293853 0.00360555 0 0 0 0 0 0 0 0 0 0 0 0 0.000540833 0.0115378 0.0121988 0.00366565 0 0.111412 0.00949462 0.299802 
0.00400756 0.0147448 0 0 0 0 0 0 0 0 0 0 0 0 0 0 0.0120983 0.356749 0.0111153 0 0.00567108 0.069414 0.0120227 7.56144e-005 0 0 0 0 0 0 0 0 0 0 0 0 0.00551985 0.0121739 0.0108129 0.00204159 0.000982987 0.00710775 0.0280529 0.00431002 0 0 0 0 0 0 0 0 0 0 0 0 0.000680529 0.00967864 0.0127032 0.00249527 0 0.100038 0.00930057 0.308204 
0.0099811 0.24189 0.0272212 0 0 0.000226843 0.00189036 0 0 0 0 0 0 0 0 0 0.0010586 0.212174 0.049603 0 0.00128544 0.013535 0.0518715 0.00514178 0 0 0 0 0 0 0 0 0 0 0 0 0 0.00559546 0.0743289 0.0151229 0 0 0.00786389 0.280756 0 0 0 0 0 0 0 0 0 0 0 0 0 0 0 0.000453686 0 0 0 0 
0.00431003 0.223172 0.0296589 0 0 0.000219154 0.00336036 0 0 0 0 0 0 0 0 0 0.000511359 0.217766 0.0658923 0 0.00124187 0.0119804 0.0574184 0.00935057 0 0 0 0 0 0 0 0 0 0 0 0 0 0.00379867 0.0745854 0.0151947 0 0 0.00664767 0.273212 0 0 0 0 0 0 0 0 0 0 0 0 0 0 0 0.00168018 0 0 0 0 
0.00509911 0.228311 0.0245619 0 0 7.18184e-005 0.00509911 0.000861821 0 0 0 0 0 0 0 0 0.000430911 0.21445 0.0744039 0 0.00129273 0.01185 0.0555157 0.0105573 0 0 0 0 0 0 0 0 0 7.18184e-005 0 0 0 0.0038782 0.0734703 0.0160873 0 0 0.00653548 0.265728 0 0 0 0 0 0 0 0 0 0 0 0 0 0 0 0.00172364 0 0 0 0 
0.00614363 0.230845 0.03093 0 0.000282466 0.000141233 0.00388391 0.000564932 0 0 0 0 0 0 0 0 0.000847398 0.210155 0.0699809 0 0.00120048 0.0111574 0.0569169 0.0124991 0 0 0 0 0 0 0 0 0 0 0 0 0 0.00416637 0.071252 0.0170892 0 0 0.00663795 0.26347 0 0 0 0 0 0 0 0 0 0 0 0 0 0 0 0.00183603 0 0 0 0 
0.00531456 0.219693 0.0341138 0 0.000215455 7.18184e-005 0.00438093 7.18184e-005 0 0 0 0 0 0 0 0 0.000861821 0.208273 0.0685866 0 0.0011491 0.0119219 0.0580293 0.0132146 0 0 0 7.18184e-005 0 0 0 0 0 0 0 0 0 0.00402183 0.0732548 0.0163746 0 0 0.00639184 0.26659 0 0 0 0 0 0 0 0 0 0 0 0 0 0 0 0.0073973 0 0 0 0 
0.00438093 0.221488 0.0331083 0 0.000287274 0.000143637 0.00416547 7.18184e-005 0 0 0 0 0 0 0 0 0.000646366 0.209423 0.0683712 0 0.00143637 0.01185 0.0573829 0.0135737 0 0 0 7.18184e-005 0 0 0 0 0 0 0 0 0 0.00423729 0.0764866 0.0168055 0 0 0.00596093 0.263215 0 0 0 0 0 0 0 0 0 0 0 0 0 0 0 0.00689457 0 0 0 0 
0.0231186 0.047433 0 0 0 0 0 0 0 0 0 0 0 0 0 0 0.0139509 0.234694 0.000239158 0 0.000717474 0.0993304 0.0255899 0 0 0 0 0 0 0 0 0 0 0 0 0 7.97194e-005 0.0206473 0.0271046 0.0114796 0 0.00302934 0.0464764 0.00860969 0 0 0 0 0 0 0 0 0 0 0.000398597 0 0 0.000558036 0.0467156 0.015067 0 0 0.00422513 0.370536 
0.0234375 0.0467156 0 0 0 0 0 0 0 0 0 0 0 0 0 0 0.0138712 0.236448 7.97194e-005 0 0.000637755 0.101642 0.0327647 0 0 0 0 0 0 0 0 0 0 0 0 0 7.97194e-005 0.0208865 0.0301339 0.00940689 0 0.00302934 0.0452009 0.00717474 0 0 0 0 0 0 0 0 0 0 0.000318878 0 0 0.000558036 0.0461575 0.0152264 0 0 0.00422513 0.362006 
0.0235172 0.0472736 0 0 0 0 0 0 0 0 0 0 0 0 0 0 0.0138712 0.237962 7.97194e-005 0 0.000637755 0.0994898 0.0327647 0 0 0 0 0 0 0 0 0 0 0 0 0 7.97194e-005 0.0209662 0.0302136 0.00948661 0 0.00302934 0.044324 0.00709503 0 0 0 0 0 0 0 0 0 0 0.000318878 0 0 0.000558036 0.0469547 0.015625 0 0 0.00414541 0.361607 
0.0234559 0.0482915 0 0 0 0 0 0 0 0 0 0 0 0 0 0 0.0138787 0.23813 8.11622e-005 0 0.000649298 0.0996672 0.0286503 0 0 0 0 0 0 0 0 0 0 0 0 0 8.11622e-005 0.0211022 0.0281633 0.00957714 0 0.00308417 0.0449639 0.00722344 0 0 0 0 0 0 0 0 0 0 0.000324649 0 0 0.000568136 0.0473987 0.0154208 0 0 0.00422044 0.365068 
0.0231312 0.0488597 0 0 0 0 0 0 0 0 0 0 0 0 0 0 0.0138787 0.239347 8.11622e-005 0 0.000649298 0.100235 0.0318968 0 0 0 0 0 0 0 0 0 0 0 0 0 8.11622e-005 0.0211022 0.0298677 0.0086032 0 0.00324649 0.0442334 0.00673647 0 0 0 0 0 0 0 0 0 0 0.000324649 0 0 0.000568136 0.0472364 0.0153397 0 0 0.00422044 0.36036 
0.161014 0.0507753 0 0 0.00010682 0 0 0 0 0 0 0 0 0 0 0 0.00801154 0.220228 0.00683651 0 0.00204739 0.0535349 0.0208656 0.0124446 0 0.000195838 0 0 0 0 0 0 0 1.78034e-005 0 0 1.78034e-005 0.00664067 0.00957824 0.00249248 0 0.00126404 0.0317969 0.00243907 0 0 0 0 0 0 0 0 0 5.34102e-005 0 0 0 0.0010326 0.0239456 0.00802934 0 0 0.00802934 0.368602 
0.016875 0.0480903 0 0 0 0 0 0 0 0 0 0 0 0 0 0 0.00866319 0.162135 0.00555556 0 0.00104167 0.226354 0.0250347 0.000451389 0 0.00569444 0.00401042 0 0 0 0 0 0 0 0.000798611 0 0 0.00786458 0.0201736 0.0151389 0 0.00364583 0.0305208 0.0123264 0 0 0 1.73611e-005 0 0 0 0 0 1.73611e-005 1.73611e-005 0.000138889 0 0.000225694 0.0334896 0.00987847 0 0 0.00300347 0.358837 
0.0157922 0.0470236 0 0 0 0 0 0 0 0 0 0 0 0 0 0 0.00759884 0.166301 0.00245244 0 0.00100327 0.222726 0.0222392 0.000353002 0 0.00590815 0.00432892 0 0 0 0 0 0 0 0.000817479 0 0 0.00817479 0.0189321 0.0142687 0 0.00406882 0.0310085 0.0135627 0 0 0 1.85791e-005 0 0 0 0 0 1.85791e-005 1.85791e-005 0.000148633 0 0.000260107 0.0355789 0.00869501 0 0 0.00317702 0.365525 
0.0170392 0.0460589 0 0 0 0 0 0 0 0 0 0 0 0 0 0 0.00838264 0.165845 0.00374388 0 0.00111403 0.222186 0.022372 0.00038352 0 0.00626415 0.00416393 0 0 0 0 0 0 0 0.000803565 0 0 0.00801739 0.0188107 0.014939 0 0.00350647 0.0310103 0.0131675 0 0 0 1.82628e-005 0 0 0 0 0 1.82628e-005 1.82628e-005 0.000146103 0 0.00025568 0.0367814 0.00862006 0 0 0.00326905 0.363065 
0.0229469 0.0296681 0 0 0 0 0 0 0 0 0 0 0 0 0 0 0.0356018 0.198015 0.00152279 0 0.0166982 0.207204 0.0198488 0 0 0 0 0 0 0 0 0 0 5.251e-005 0.00057761 0 0.00010502 0.0256774 0.0181685 0.0113947 0 0.00477841 0.0545054 0.00766646 0 0 0 0 0 0 0 0 0 5.251e-005 0.00010502 0.00026255 0 0.00036757 0.0386999 0.0114472 0 0 0.00456837 0.290065 
0.0237048 0.0291393 0 0 0 0 0 0 0 0 0 0 0 0 0 0 0.0369029 0.197454 0.00150096 0 0.0164588 0.20677 0.0230319 0 0 0 0 0 0 0 0 0 0 5.17572e-005 0.000569329 0 0.000103514 0.0259303 0.0190466 0.0113866 0 0.00476166 0.0535169 0.00817763 0 0 0 0 0 0 0 0 0 5.17572e-005 0.000103514 0.000207029 0 0.0003623 0.0407329 0.0127323 0 0 0.00445112 0.282853 
0.0245918 0.0290816 0 0 0 0 0 0 0 0 0 0 0 0 0 0 0.0388776 0.194592 0.00265306 0 0.0163776 0.207806 0.0230612 0 0 0 0 0 0 0 0 0 0 5.10204e-005 0.000561224 0 0.000102041 0.0265306 0.0190306 0.0119898 0 0.00479592 0.0529592 0.00811225 0 0 0 0 0 0 0 0 0 5.10204e-005 0.000102041 0.000204082 0 0.000408163 0.0403061 0.012449 0 0 0.00443878 0.280867 
0.0316087 0.0138213 0 0 0 0 0 0 0 0 0 0 0 0 0 0 0.0418845 0.238447 0.00150231 0 0.00697073 0.139475 0.0141217 0 0 0 0 0 0 0 0 0 0 0 0.000661018 0 0.000120185 0.0391803 0.0256595 0.00414639 0 0.00360555 0.0536025 0.00997536 0 0 0 0 0 0 0 0 0 0 0 0.000120185 0 0.000600925 0.0408629 0.0215131 0 0 0.00492759 0.307193 
0.373175 0.000270416 0 0 0 0 0 0 0 0 0 0 0 0 0 0 0.150622 0.154949 0 0 0.00283937 0.0469173 0.00148729 0 0 0 0 0 0 0 0 0 0 0 0 0 0 0.0482693 0.0171714 0 0 0.00392104 0.0208221 0 0 0 0 0 0 0 0 0 0 0.000405625 0.000405625 0 0 0.00540833 0.0219037 0.00784208 0 0 0.0116279 0.131963 
0.358107 0.000725795 0 0 0 0 0 0 0 0 0 0 0 0 0 0 0.15111 0.147481 0 0 0.00290318 0.0412251 0.00261286 0 0 0 0 0 0 0 0 0 0 0.000290318 0 0 0.000145159 0.049354 0.015532 0 0 0.00609668 0.0211932 0 0 0 0 0 0 0 0 0 0 0.000145159 0.000290318 0 0 0.00624183 0.0217738 0.00711279 0 0 0.0181449 0.149514 
0.130123 0.0583951 0 0 0 0 0 0 0 0 0 0 0 0 0 0 0.123704 0.241111 0.0153086 0 0.00679012 0.0530864 0.0269136 0.00037037 0 0 0 0 0 0 0 0 0 0 0 0 0.000246914 0.0187654 0.0240741 0.0117284 0 0.00283951 0.0475309 0.00185185 0 0 0 0 0 0 0 0 0 0 0 0 0 0.000493827 0.0264198 0.0118519 0 0 0.00444444 0.193951 
0.0317225 0.0435569 0 0 0.000164366 0 0 0 0 0 0 0 0 0 0 0 0.0628698 0.190746 0.00879356 0 0.00636917 0.195924 0.0241617 0.000986193 0.00119165 0.000493097 0 0 0 0 0 0 0 0 0.00119165 0 0.000369822 0.0138478 0.0253123 0.0145053 0 0.00361604 0.0225592 0.00398586 0 8.21828e-005 0 0 0 0 0 0 0 4.10914e-005 4.10914e-005 0.000246548 0 0.00131492 0.0402285 0.012122 0 0 0.00632807 0.287229 
0.0333819 0.0429553 0 0 0.000166493 0 0 0 0 0 0 0 0 0 0 0 0.0606868 0.194672 0.00699272 0 0.00599376 0.193382 0.0245578 0.00049948 0.0012487 0.000457856 0 0 0 0 0 0 0 0 0.00137357 0 0.000457856 0.0139438 0.0260146 0.0151093 0 0.00370447 0.0220604 0.00345473 0 0.00012487 0 0 0 0 0 0 0 0.00012487 0 0.00024974 0 0.00120708 0.0400832 0.0126119 0 0 0.00674298 0.287742 
0.0316048 0.0417309 0 0 3.95554e-005 0 0 0 0 0 0 0 0 0 0 0 0.0709624 0.224477 0.0102844 0 0.00486531 0.176575 0.0257506 0.000395554 0 0 0 0 0 0 0 0 0 0 0.00130533 0 0.000355999 0.0137257 0.0281239 0.0145959 3.95554e-005 0.00367865 0.0204897 0.00340176 0 0 0 0 0 0 0 0 0 0.000118666 0 0.000237332 0 0.000355999 0.0323563 0.0143982 0 0 0.00470709 0.275424 
