0.0271447 0.00257657 0 0 3.62897e-005 0.00983452 0.000653215 0 0 0 0.000362897 0 0 0 0 0 0.0108506 0.00127014 0 0 0.054362 0.0775875 0.000290318 0 0 3.62897e-005 0.0021048 3.62897e-005 0 0 7.25795e-005 0.000145159 0.000217738 0 0 0 0.0127014 0.0200319 0.000254028 0 0.000145159 0.0287052 0.0201045 7.25795e-005 0 0 0 0.00185078 0 0 0 0 0.0258746 0.0568297 0 0 7.25795e-005 0.0547975 0.0400276 0.000145159 0 0.00228625 0.259871 0.288649 
0.0411564 0.000883727 0 0 0 0.0037874 0 0 0 0 0 0 0 0 0 0 0.0526449 0 0 0 0.0362328 0.132812 0.00429239 0 0 0 0.0018937 0 0 0 0 0 0 0 0 0 0 0.0669107 0.00290367 0 0 0.0472163 0.143542 0.00037874 0 0 0 0.00075748 0 0 0 0 0 0 0 0 0 0.00037874 0.0356016 0 0 0 0.0714556 0.357152 
0.0391271 0.000903926 0 0 0 0.00387397 0 0 0 0 0 0 0 0 0 0 0.0508781 0 0 0 0.0337035 0.132361 0.00451963 0 0 0 0.00193698 0 0 0 0 0 0 0 0 0 0 0.0662448 0.00284091 0 0 0.0480372 0.145919 0.000387397 0 0 0 0.000774793 0 0 0 0 0 0 0 0 0 0.000387397 0.0355114 0 0 0 0.0720558 0.360537 
0.00697073 0.00180278 0 0 0.000420648 0.00937444 0 0 0 0.000120185 0 0 0 0 0 0 0.00426657 0.00114176 0 0 0.000901388 0.0426657 0.000120185 0 0 0.000120185 0.00294453 0 0 0 6.00925e-005 6.00925e-005 0 0 0 0 0.00264407 0.00937444 0.00132204 0 0.000901388 0.0237966 0.0379785 6.00925e-005 0 0 0.00024037 0.00228352 0 0 0 0 0.000120185 0.000420648 0 0 0.00709092 0.0578691 0.0416441 0.00222342 0 0.00618953 0.232438 0.502434 
0.0311111 0 0 0 0 0 0 0 0 0 0 0 0 0 0 0 0.0292593 0.00555556 0 0 0.0160494 0.0702469 0.00037037 0 0 0 0 0 0 0 0 0 0.00135802 0 0 0 0.0245679 0.0430864 0.00160494 0 0.000123457 0.0425926 0.0806173 0.000123457 0 0 0 0 0 0 0 0 0.0258025 0.0149383 0 0 0 0.0445679 0.0276543 0.00259259 0 0.000617284 0.176667 0.360494 
0.0364153 0 0 0 0 0 0 0 0 0 0 0 0 0 0 0 0.0329287 0.00684401 0 0 0.017562 0.0577221 0.000129132 0 0 0 0 0 0 0 0 0 0.00180785 0 0 0 0.0280217 0.055656 0.00154959 0 0 0.0402893 0.0730888 0.000387397 0 0 0 0 0 0 0 0 0.0317665 0.0147211 0 0 0 0.0404184 0.0464876 0.00180785 0 0.000387397 0.176395 0.335615 
0.0392562 0 0 0 0 0 0 0 0 0 0 0 0 0 0 0 0.0333161 0.00736054 0 0 0.0171746 0.0544938 0.000129132 0 0 0 0 0 0 0 0 0 0.00206612 0 0 0 0.0306043 0.0542355 0.00129132 0 0 0.0414514 0.0745093 0.000258264 0 0 0 0 0 0 0 0 0.0322831 0.0130424 0 0 0 0.0401601 0.0481663 0.00116219 0 0.000258264 0.176395 0.332386 
0.0240741 0 0 0 0 0 0 0 0 0 0 0 0 0 0 0 0.0255556 0.00209877 0 0 0.0160494 0.0795062 0.000123457 0 0 0 0 0 0 0 0 0 0.000493827 0 0 0 0.0202469 0.0498765 0.00148148 0 0 0.0396296 0.0869136 0 0 0 0 0 0 0 0 0 0.0183951 0.0232099 0 0 0 0.0449383 0.0293827 0.00234568 0 0.000493827 0.172222 0.362963 
0.0280247 0 0 0 0 0 0 0 0 0 0 0 0 0 0 0 0.0265432 0.00222222 0 0 0.0154321 0.0766667 0.000123457 0 0 0 0 0 0 0 0 0 0.000493827 0 0 0 0.0204938 0.0495062 0.00135802 0 0 0.0401235 0.0825926 0 0 0 0 0 0 0 0 0 0.018642 0.0234568 0 0 0 0.0450617 0.0295062 0.00197531 0 0.000493827 0.175185 0.362099 
0.0277778 0 0 0 0 0 0 0 0 0 0 0 0 0 0 0 0.0267901 0.00222222 0 0 0.0153086 0.0769136 0.000123457 0 0 0 0 0 0 0 0 0 0.000493827 0 0 0 0.0203704 0.0495062 0.00135802 0 0 0.0402469 0.0825926 0 0 0 0 0 0 0 0 0 0.0191358 0.0230864 0 0 0 0.0449383 0.0293827 0.00197531 0 0.000493827 0.175556 0.361728 
0.0367733 0 0 0 0 0 0 0 0 0 0 0 0 0 0 0 0.0331597 0.006802 0 0 0.0174301 0.0577107 0.0017005 0 0 0 0 0 0 0 0 0 0.000318844 0 0 0 0.0156233 0.0478266 0.00201934 0 0 0.0542034 0.0615368 0.0206186 0 0 0 0.000106281 0 0 0 0 0.010947 0.0259326 0 0 0 0.0567542 0.0431502 0.00159422 0 0.00159422 0.148687 0.355511 
0.022678 0 0 0 0 0 0 0 0 0 0 0 0 0 0 0 0.0290799 0.0046658 0 0 0.0190972 0.0563151 0.00282118 0 0 0 0 0 0 0 0 0 0.000434028 0 0 0 0.0171441 0.055447 0.00217014 0 0 0.0641276 0.0686849 0.0208333 0 0 0 0.000542535 0 0 0 0 0.00726997 0.0421007 0.000217014 0 0 0.0570747 0.0524089 0.00141059 0 0.00108507 0.136827 0.337565 
0.0268638 0 0 0 0 0 0 0 0 0 0 0 0 0 0 0 0.0364431 0.00281133 0 0 0.0195752 0.0489379 0.00229071 0 0 0 0 0 0 0 0 0 0.00031237 0 0 0 0.0210329 0.0546647 0.00093711 0 0.000104123 0.0668471 0.0688255 0.0193669 0 0 0 0.000104123 0 0 0 0 0.0195752 0.0351937 0 0 0.00031237 0.052374 0.0512287 0.000832986 0 0.00104123 0.137547 0.332778 
0.0322246 0.0018178 0 0 0.00578391 0.00847305 0.000946458 0 0 6.00925e-005 0.00177273 0 0 0 0 0 0.0122589 0.00145724 0 0 0.037693 0.0279581 0.000225347 0 0 0 0.00283937 0.000135208 0 0 7.51157e-005 0.000405625 0.000315486 0 0 0 0.0102308 0.0149781 0.000105162 0 4.50694e-005 0.0283937 0.0302716 0.000135208 0 0 0 0.00129199 0 0 0 0 0.0387747 0.0271618 0 0 0.000270416 0.0643892 0.0522054 0.000645995 0 0.00342527 0.251262 0.341972 
0.0320439 0.00251029 0 0 0.0055144 0.00794239 0.000919067 0 0 4.11523e-005 0.00156379 5.48697e-005 0 0 0 0 0.0122771 0.00219479 0 0 0.0377503 0.0293141 0.000315501 0 0 1.37174e-005 0.0026749 0.000109739 0 0 1.37174e-005 0.00037037 0.00042524 0 0 0 0.00950617 0.0154733 0.000246914 0 4.11523e-005 0.0268313 0.0301235 0.000192044 0 0 0 0.00120713 0 0 0 0 0.0388889 0.0294376 0 0 0.000123457 0.0650343 0.053155 0.00109739 0 0.0027572 0.250508 0.339328 
0.0303439 0.00232525 0 0 0.0068216 0.00818335 0.000719415 0 0 0 0.00159299 1.28467e-005 0 0 0 0 0.0110225 0.000976349 0 0 0.0383602 0.0276076 0.000128467 0 0 0 0.00280058 0.00015416 0 0 3.85401e-005 0.000385401 0.000449635 0 0 0 0.0102517 0.017099 0.000321168 0 7.70802e-005 0.0298043 0.029753 0.000128467 0 0 1.28467e-005 0.00113051 0 0 0 0 0.0385401 0.0276333 0 0 0.000102774 0.0623193 0.0518621 0.00101489 0 0.00290335 0.257718 0.337406 
0.0348087 0.00204082 0 0 0.00684949 0.00771684 0.000905612 0 0 0 0.00169643 0 0 0 0 0 0.0120153 0.00170918 0 0 0.0363138 0.027398 8.92857e-005 0 0 0 0.00316327 0.000127551 0 0 3.82653e-005 0.000459184 0.00057398 0 0 0 0.0103444 0.0156888 0.000153061 0 5.10204e-005 0.0274107 0.0292092 0.000140306 0 0 1.27551e-005 0.00108418 0 0 0 0 0.0402934 0.0276403 0 0 0.000127551 0.0632908 0.0487755 0.000586735 0 0.00295918 0.25074 0.345587 
0.000278458 0.000167075 0 0 0 0.0122522 0 0 0 5.56917e-005 0 0 0 0 0 0 0.00757407 0.000445534 0 0 0.00306304 0.0416574 0.000445534 0 0 0.000111383 0.00378703 0 0 0 5.56917e-005 0 0.00885498 0 0 0 0.0268991 0.0319113 0.000445534 0 0.000501225 0.0503453 0.0403208 0.00033415 0 0 0.000723992 0.00317443 0.0013366 0 0 0 0.0411005 0.00829806 0 0 0.00233905 0.0908888 0.0927267 0.000723992 0 0.0143685 0.191969 0.322845 
0 0 0 0 0 0.00821799 0.000162197 0 0 0 0 0 0 0 0 0 0.00464965 5.40657e-005 0 0 0.0037846 0.0482807 0.000324394 0 0 0.000162197 0.00405493 0 0 0 0 0 0.00740701 0 0 0 0.0224913 0.0304931 0.00037846 0 0.000432526 0.0478482 0.0495242 0.000216263 0 0 0.000702855 0.00270329 0.00302768 0 0 0 0.0349805 0.0120026 0 0 0.00108131 0.0876946 0.099535 0.000702855 0 0.0141112 0.181337 0.33364 
0 0 0 0 0 0.00921631 0.00012207 0 0 0 0 0 0 0 0 0 0.00262451 0 0 0 0.00262451 0.0443726 0.000305176 0 0 0.00012207 0.00396729 0 0 0 0 0 0.00537109 0 0 0 0.0217896 0.0306396 0.00012207 0 0.000427246 0.0487671 0.0438232 0.00012207 0 0 0.000549316 0.00286865 0.0012207 0 0 0 0.038147 0.0103149 0 0 0.00140381 0.0960693 0.0979614 0.000488281 0 0.0151978 0.191956 0.329407 
6.10352e-005 0.000244141 0 0 0 0.0108032 6.10352e-005 0 0 0 0 0 0 0 0 0 0.00708008 0.000671387 0 0 0.00323486 0.0395508 0.000366211 0 0 0.000549316 0.00390625 0 0 0 0 0 0.00445557 0.000183105 0 0 0.026062 0.0343628 0.000732422 0 0.000488281 0.0490723 0.0443115 0.000549316 0 0 0.000915527 0.00268555 0.000427246 0 0 0 0.0349731 0.0131836 0.000366211 0 0.0020752 0.0941162 0.0928955 0.00177002 0 0.0162354 0.196045 0.317566 
0.0223986 0.00221039 0 0 0 0.00922839 0.00012894 0 0 0 0.000902577 0 0 0 0 0 0.00955995 0.00134466 0 0 0.00302087 0.0249959 5.52598e-005 0 0 0 0.00250511 0.00011052 0 0 1.84199e-005 0.000294719 0.000368399 0 0 0 0.013686 0.0271326 0.000202619 0 5.52598e-005 0.0371899 0.0374477 7.36798e-005 0 0 1.84199e-005 0.00158411 0 0 0 0 0.0409107 0.0225092 0 0 0.000165779 0.0872368 0.0481313 0.000442079 0 0.00219197 0.295953 0.307926 
0.0218336 0.00225069 0 0 0 0.00963758 0.000134657 0 0 0 0.000942598 0 0 0 0 0 0.00911819 0.00130809 0 0 0.00313558 0.0250077 7.69468e-005 0 0 1.92367e-005 0.00259695 0.00011542 0 0 1.92367e-005 0.000307787 0.000327024 0 0 0 0.0140043 0.0276816 0.000211604 0 5.77101e-005 0.037954 0.0380309 7.69468e-005 0 0 3.84734e-005 0.00165436 0 0 0 0 0.0412819 0.0225454 0 0 0.000192367 0.0894506 0.0489574 0.000365497 0 0.00221222 0.287473 0.31098 
0.0187221 0.00219292 0 0 2.74115e-005 0.00959404 0.000575642 0 0 0.000109646 0.00131575 0.000191881 0 0 0 0 0.0286725 0.00263151 0 0 0.0320441 0.0456402 0.000246704 0 0 2.74115e-005 0.00337162 0.000137058 0 0 5.48231e-005 0.000465996 0.0011787 0 0 0 0.0216551 0.0315507 0.000438584 0 0 0.0284258 0.0292755 0.000493408 0 0 0 0.00235739 0 0 0 0 0.0330583 0.0581673 0 0 2.74115e-005 0.093254 0.0472027 0.00104164 0 0.000794934 0.170555 0.334503 
0.0125164 0.00271267 0 0 2.37954e-005 0.0122546 0.001047 0 0 4.75907e-005 0.0015229 0 0 0 0 0 0.0156573 0.00107079 0 0 0.0260083 0.0440214 0.000118977 0 0 7.13861e-005 0.00433076 4.75907e-005 0 0 2.37954e-005 0.000452112 0.00116597 0 0 0 0.0197501 0.0397383 0.000214158 0 2.37954e-005 0.0256752 0.0339322 0.000261749 0 0 9.51814e-005 0.00249851 0 0 0 0 0.0474717 0.03279 0 0 0 0.0926829 0.0462582 0.000737656 0 0.00176086 0.166591 0.366425 
0.0163553 5.17572e-005 0 0 0 0 0 0 0 0 0 0 0 0 0 0 0.0372652 0.00885047 0 0 0.0119041 0.0643341 5.17572e-005 0 0 0 0 0 0 0 0 0 0 0 0 0 0.00853993 0.0380933 0.000414057 0 0 0.0286735 0.0516019 0.0003623 0 0 0 0 0 0 0 0 0.003623 0.0226179 0 0 0.000207029 0.0756172 0.0501009 0.00155271 0 0.000879872 0.128979 0.449925 
0.10348 0.000231241 0 0 0.00011562 0.00485605 0 0 0 0 0 0 0 0 0 0 0.0789687 0.000809342 0 0 0.0260146 0.0387328 0.000231241 0 0 0.00011562 0.00196555 0 0 0 0 0 0.00404671 0 0 0 0.042317 0.0536478 0.000346861 0 0.00011562 0.0375766 0.0339924 0 0 0 0 0.000693722 0 0 0 0 0.0575789 0.00971211 0 0 0.000809342 0.0538791 0.0308706 0.00011562 0 0.00184992 0.180368 0.236559 
0.103249 0.000346861 0 0 0 0.00508729 0 0 0 0 0 0 0 0 0 0 0.0775812 0.00208117 0 0 0.0262458 0.0391953 0.000231241 0 0 0.00011562 0.00196555 0 0 0 0 0 0.00427795 0 0 0 0.0413921 0.0538791 0.000578101 0 0 0.0378078 0.0338768 0 0 0 0 0.000693722 0 0 0 0 0.0587351 0.00890276 0 0 0.000924962 0.0529541 0.030755 0.000346861 0 0.00231241 0.179905 0.236559 
0.0952783 0.000241517 0 0 0 0.00531337 0 0 0 0 0 0 0 0 0 0 0.0749909 0.00169062 0 0 0.0246347 0.0381596 0.000241517 0 0 0.000120758 0.00205289 0 0 0 0 0 0.00446806 0 0 0 0.0432315 0.0554281 0.000603792 0 0 0.0377974 0.0303103 0 0 0 0 0.00072455 0 0 0 0 0.061949 0.00881536 0 0 0.00132834 0.0560319 0.0309141 0.000362275 0 0.00205289 0.181741 0.241517 
0.102555 0.000231241 0 0 0 0.00508729 0 0 0 0 0 0 0 0 0 0 0.0746907 0.00208117 0 0 0.0248584 0.0406983 0.000231241 0 0 0.00011562 0.00196555 0 0 0 0 0 0.00450919 0 0 0 0.0434732 0.0531853 0.000578101 0 0 0.0366516 0.0328362 0 0 0 0 0.000693722 0 0 0 0 0.0598913 0.00844028 0 0 0.00150306 0.0556134 0.0282114 0.000346861 0 0.00219679 0.176668 0.242687 
0.10244 0.000231241 0 0 0 0.00508729 0 0 0 0 0 0 0 0 0 0 0.074922 0.00208117 0 0 0.0246271 0.0406983 0.000231241 0 0 0.00011562 0.00196555 0 0 0 0 0 0.00450919 0 0 0 0.0433576 0.0534166 0.000578101 0 0 0.0366516 0.0328362 0 0 0 0 0.000693722 0 0 0 0 0.0602382 0.00809342 0 0 0.00150306 0.0552665 0.0285582 0.000346861 0 0.00219679 0.176783 0.242571 
0.0247796 0.00219289 0 0 0 0.00763124 0.000833297 0 0 0 0.000350862 0 0 0 0 0 0.0223236 0.000350862 0 0 0.0873646 0.0713565 0.000263146 0 0 0 0.00254375 4.38577e-005 0 0 8.77155e-005 8.77155e-005 0.00179817 0 0 0 0.0259638 0.0353932 0.000131573 0 0 0.0300425 0.0183764 0.000131573 0 0 0 0.00166659 0 0 0 0 0.0562695 0.0288145 0 0 0.000175431 0.0900838 0.040393 4.38577e-005 0 0.00201746 0.17622 0.272269 
0.0253508 0.00233056 0 0 0 0.0082283 0.000903686 0 0 0 0.000380499 0 0 0 0 0 0.0223543 0.000285375 0 0 0.0779073 0.0607372 0.000332937 0 0 0 0.00271106 9.51249e-005 0 0 9.51249e-005 9.51249e-005 0.00223543 0 0 0 0.0285375 0.0389536 0.000142687 0 0 0.0314863 0.0184067 9.51249e-005 0 0 0 0.00185493 0 0 0 0 0.0614982 0.0293936 0 0 0.000237812 0.0943639 0.0396671 4.75624e-005 0 0.00256837 0.179929 0.268775 
0.024019 0.00233056 0 0 0 0.00818074 0.000903686 0 0 0 0.000428062 0 0 0 0 0 0.023591 0.000285375 0 0 0.0776219 0.0610702 0.000380499 0 0 0 0.00275862 9.51249e-005 0 0 9.51249e-005 9.51249e-005 0.00247325 0 0 0 0.0284423 0.0390487 0.000142687 0 0 0.0313436 0.018264 4.75624e-005 0 0 0 0.00195006 0 0 0 0 0.0624495 0.0282521 0 0 0.000237812 0.0942687 0.0398573 4.75624e-005 0 0.00261593 0.180024 0.26868 
0.0257031 0.00228269 0 0 0 0.00776114 0.000913075 0 0 0 0.00036523 0 0 0 0 0 0.0218225 0.000319576 0 0 0.0832725 0.0687089 0.00036523 0 0 0 0.00264792 9.13075e-005 0 0 9.13075e-005 9.13075e-005 0.002374 0 0 0 0.027301 0.0381209 0.000182615 0 0 0.0302684 0.0186267 9.13075e-005 0 0 0 0.00182615 0 0 0 0 0.0608108 0.0283053 0 0 0.000228269 0.0909423 0.0389883 4.56538e-005 0 0.00260226 0.17668 0.26817 
0.01184 0.001792 0 0 0 0.00512 0 0 0 6.4e-005 6.4e-005 0 0 0 0 0 0.024128 0.000192 0 0 0.052672 0.024768 6.4e-005 0 0 6.4e-005 0.0016 0 0 0 0 6.4e-005 0.001216 0 0 0 0.035072 0.032576 0 0 0 0.023104 0.00896 6.4e-005 0 0 0 0.000704 0 0 0 0 0.068032 0.085504 0 0 0.00064 0.192832 0.129856 0 0 0.00192 0.085376 0.211712 
0.0427795 0.00373472 0 0 0.000113173 0.0121096 0.000113173 0 0 0 0 0 0 0 0 0 0.037234 0.00124491 0 0 0.0131281 0.0432322 0.000565867 0 0 0.000113173 0.00396107 0 0 0 0.000113173 0 0.00226347 0 0 0 0.0284065 0.0439113 0.000226347 0 0 0.0382526 0.0265957 0.000226347 0 0 0 0.0016976 0 0 0 0 0.0316885 0.0664328 0 0 0 0.0632639 0.0746944 0.000452694 0 0.0016976 0.185831 0.275917 
0.0316387 0.00205289 0 0 0 0.00966067 0.000120758 0 0 0 0.000120758 0 0 0 0 0 0.0333293 0.000966067 0 0 0.0119551 0.0411786 0.000483033 0 0 0.000120758 0.00495109 0.000120758 0 0 0 0 0.00543413 0 0 0 0.0348992 0.0536167 0.000241517 0 0 0.0328463 0.0269291 0 0 0 0 0.00217365 0 0 0 0 0.057481 0.0655718 0 0 0.000120758 0.0716097 0.108924 0.000603792 0 0.00156986 0.145031 0.256249 
0.0251654 0.00129962 0 0 0 0.00637996 0.000118147 0 0 0 0.000118147 0 0 0 0 0 0.0178403 0.00118147 0 0 0.00779773 0.0413516 0.000708885 0 0 0.000354442 0.00378072 0.000118147 0 0 0.000118147 0 0.00508034 0 0 0 0.037689 0.0580104 0.00094518 0 0 0.0297732 0.0244565 0 0 0 0 0.00165406 0 0 0 0 0.0313091 0.103143 0 0 0 0.0815217 0.128072 0.000590737 0 0.00106333 0.157845 0.232514 
0.031358 0.000987654 0 0 0 0.00555556 0.000123457 0 0 0 0.000123457 0 0 0 0 0 0.0177778 0.000987654 0 0 0.00604938 0.0328395 0.000617284 0 0 0.000246914 0.00333333 0.000123457 0 0 0 0 0.00407407 0 0 0 0.0351852 0.0492593 0.00037037 0 0 0.0323457 0.0191358 0 0 0 0 0.00135802 0 0 0 0 0.0753086 0.0695062 0 0 0.000123457 0.0880247 0.144074 0.00037037 0 0.00148148 0.157284 0.221975 
0.0322831 0.00103306 0 0 0 0.00581095 0.000129132 0 0 0 0.000129132 0 0 0 0 0 0.0173037 0.00103306 0 0 0.00594008 0.0320248 0.000645661 0 0 0.000258264 0.00348657 0.000129132 0 0 0 0 0.0040031 0 0 0 0.036157 0.0506198 0.000516529 0 0 0.033187 0.0188533 0 0 0 0 0.00142045 0 0 0 0 0.0692149 0.0738636 0 0 0.000129132 0.0896178 0.143079 0.000516529 0 0.00154959 0.153022 0.224044 
0.0342185 0.000660589 0 0 0 0.00581319 0.000132118 0 0 0 0.000132118 0 0 0 0 0 0.015722 0.0014533 0 0 0.00687013 0.0266878 0.000396354 0 0 0.000132118 0.00343506 0.000132118 0 0 0 0 0.00488836 0 0 0 0.0365966 0.0495442 0.000132118 0 0 0.0330295 0.0170432 0 0 0 0 0.0014533 0 0 0 0 0.0838948 0.0570749 0 0 0.000132118 0.0939358 0.145594 0.000396354 0 0.00158541 0.154446 0.224468 
0.0297265 0.00118906 0 0 0 0.0059453 0.000264236 0 0 0 0.000132118 0 0 0 0 0 0.0187607 0.0014533 0 0 0.0059453 0.0328973 0.000660589 0 0 0.000132118 0.00343506 0.000132118 0 0 0.000132118 0 0.00396354 0 0 0 0.034747 0.0520544 0.000660589 0 0 0.0318404 0.020214 0 0 0 0 0.0014533 0 0 0 0 0.0660589 0.0770247 0 0 0.000132118 0.0910292 0.131193 0.000528471 0 0.00158541 0.159202 0.227507 
0.0347366 0.000516529 0 0 0.000129132 0.00568182 0.000129132 0 0 0 0.000129132 0 0 0 0 0 0.0170455 0.00142045 0 0 0.00606922 0.0297004 0.000387397 0 0 0.000129132 0.00335744 0.000129132 0 0 0 0 0.00503616 0 0 0 0.0373192 0.0489411 0.000258264 0 0 0.0313791 0.0184659 0 0 0 0 0.00142045 0 0 0 0 0.0906508 0.0560434 0 0 0.000129132 0.0932335 0.145015 0.000516529 0 0.00167872 0.147469 0.222882 
0.0375986 0.00228057 0 0 0 0.00935856 0.000996466 0 0 3.08185e-005 0.00181829 0 0 0 0 0 0.00614316 0.000421187 0 0 0.011711 0.0259287 7.19099e-005 0 0 0 0.00258876 0.000154093 0 0 1.02728e-005 0.000565007 0.000739645 0 0 0 0.0127691 0.0169707 3.08185e-005 0 0.000102728 0.0164674 0.0117521 7.19099e-005 0 0 0 0.0022703 0 0 0 0 0.075639 0.0334381 0 0 0.000174638 0.0688178 0.0624897 0.000133547 0 0.00222921 0.213644 0.382581 
0.0396452 0.00233747 0 0 1.02073e-005 0.00918658 0.00102073 0 0 3.06219e-005 0.00182711 0 0 0 0 0 0.00649185 0.00026539 0 0 0.0128 0.0268044 7.14512e-005 0 0 0 0.00256203 0.00015311 0 0 1.02073e-005 0.000581817 0.000694097 0 0 0 0.0122488 0.0169645 4.08292e-005 0 0.000102073 0.0164542 0.0117588 6.12439e-005 0 0 0 0.00225582 0 0 0 0 0.0749523 0.0327246 0 0 0.000224561 0.068093 0.0622034 0.000142902 0 0.00234768 0.214772 0.380161 
0.0268811 0.00339194 0.000211996 0 0 0.00920063 0.000749053 0 0 1.41331e-005 0.00128611 0 0 0 0 0 0.0106139 0.000975182 0.00018373 0 0.00672734 0.0248883 0.00494658 0.000254395 0 0 0.00303861 0.000240262 0 0 0 0.000452258 0.000254395 0 0 0 0.0140765 0.0265278 0.0053423 0.00018373 1.41331e-005 0.0269942 0.0264995 0.00202103 0 1.41331e-005 0 0.00539884 0 0 0 0 0.0585392 0.028464 0 0 0.000211996 0.0835265 0.0360817 0.000395726 0 0.00493244 0.266818 0.319648 
0.031344 0.004352 3.2e-005 0 0 0.0116 0.00024 0 0 1.6e-005 0.001072 0 0 0 0 0 0.011296 0.00128 0.000224 0 0.00592 0.03256 0.001936 3.2e-005 0 0 0.00368 0.00024 0 0 1.6e-005 0.000656 0.001072 0 0 0 0.020048 0.032672 0.003136 3.2e-005 3.2e-005 0.026288 0.028624 0.001632 0 0 3.2e-005 0.003584 0 0 0 0 0.078 0.05256 0 0 6.4e-005 0.088128 0.04136 0.000352 0 0.00136 0.20568 0.308848 
0.0371165 0.00203397 7.0137e-005 0 0.000575124 0.0104925 0.000182356 0 0 1.40274e-005 0.00127649 0 0 0 0 0 0.0123862 0.00413809 7.0137e-005 0 0.00820604 0.049138 0.00401184 5.61096e-005 0 0.000336658 0.00302992 0.000266521 0 0 1.40274e-005 0.000687343 0.000364713 0 0 0 0.0147849 0.0272833 0.00312811 2.80548e-005 0 0.0181374 0.0231733 0.00119233 0 0 1.40274e-005 0.002048 0 0 0 0 0.0656483 0.0325857 0 0 2.80548e-005 0.0809522 0.0366676 0.00110817 0 0.000911782 0.21302 0.344822 
0.0372427 0.00189036 0 0 0.00229731 0.0072595 0.000603865 0 0 0 0.00101082 0 0 0 0 0 0.0181947 0.00783711 0 0 0.00858538 0.0513154 0.00228418 0 0 0.000538227 0.00237608 0.00015753 0 0 0 0.000511972 0.000722012 0 0 0 0.0160812 0.0251785 0.00322936 0 1.31275e-005 0.0192449 0.0168032 0.00102394 0 0 1.31275e-005 0.00152279 0 0 0 0 0.0500158 0.0345516 0 0 1.31275e-005 0.0841997 0.0516436 0.00120773 0 0.000866415 0.213742 0.337823 
0.0456675 0.00185119 0 0 0.00142399 0.00724813 0.000811677 0 0 0 0.00126735 0 0 0 0 0 0.0221146 0.00291919 0 0 0.00741901 0.0406835 0.001068 5.69598e-005 0 0.00011392 0.00203631 0.000299039 0 0 4.27198e-005 0.000398718 0.000711997 0 0 0 0.015607 0.0308152 0.00219295 0 1.42399e-005 0.0210466 0.0256319 0.000968316 0 0 1.42399e-005 0.00182271 0 0 0 0 0.0572588 0.0315984 0 0 4.27198e-005 0.0852545 0.0496974 0.000655037 0 0.00135279 0.208715 0.331178 
0.0739923 0.00237245 0 0 1.27551e-005 0.0108673 0.000612245 0 0 2.55102e-005 0.00132653 0 0 0 0 0 0.0213903 0.000752551 0 0 0.00899235 0.0312117 5.10204e-005 0 0 0 0.0023852 0.000178571 0 0 0 0.000408163 0.000727041 0 0 0 0.0134821 0.0247449 8.92857e-005 0 0.000306122 0.0195663 0.0158418 0.000102041 0 0 0 0.00165816 0 0 0 0 0.0641071 0.035523 0 0 7.65306e-005 0.0702551 0.0497577 0.000204082 0 0.00182398 0.223686 0.323469 
0.0710083 0.00264463 0 0 1.32231e-005 0.0111207 0.00067438 0 0 2.64463e-005 0.00137521 0 0 0 0 0 0.0209983 0.000846281 2.64463e-005 0 0.00950744 0.0305587 5.28926e-005 0 0 1.32231e-005 0.00247273 0.000185124 0 0 0 0.000409917 0.000727273 0 0 0 0.0141091 0.0244628 9.2562e-005 0 0.000317355 0.0198876 0.0145455 0.000105785 0 0 0 0.00173223 0 0 0 0 0.0656132 0.0361653 0 0 0.000105785 0.0708364 0.0511603 0.000105785 0 0.00189091 0.223762 0.322446 
0.045686 0.00292231 0 0 2.64463e-005 0.0111868 0.000700826 0 0 2.64463e-005 0.00134876 0 0 0 0 0 0.00720661 0.00148099 0.0165686 0 0.00269752 0.0288529 0.000859504 0 0 2.64463e-005 0.00244628 0.000185124 0 0 0 0.000409917 0.000661157 0 0 0 0.0107769 0.0250314 0.000899174 0.00227438 3.96694e-005 0.0200066 0.0179041 0.00158678 0 0 0 0.00173223 0 0 0 0 0.0640661 0.0380298 0 0 0.000105785 0.0708099 0.054995 0.00113719 0 0.00141488 0.225732 0.340165 
0.0449617 0.00428571 0 0 2.55102e-005 0.0108163 0.00059949 0 0 2.55102e-005 0.00133929 0 0 0 0 0 0.00789541 0.00322704 0.00332908 0 0.00292092 0.0304337 0.00163265 0.000178571 0 0 0.00237245 0.000178571 0 0 0 0.000408163 0.000727041 0 0 0 0.0104464 0.0244005 0.00170918 0.00765306 5.10204e-005 0.0194133 0.018125 0.00192602 0 0 0 0.00167092 0 0 0 0 0.0628699 0.0372959 0 0 0.000102041 0.070523 0.0517092 0.000701531 0 0.00145408 0.22764 0.346952 
0.0451742 0.00439457 0 0 2.5329e-005 0.0107015 0.000607895 0 0 2.5329e-005 0.00130444 0 0 0 0 0 0.00801662 0.00324211 0.00366003 0 0.00291283 0.0305594 0.00162105 0.000189967 0 0 0.00236826 0.000177303 0 0 0 0.000405263 0.000721875 0 0 0 0.0103722 0.0244551 0.0017097 0.00776333 5.06579e-005 0.01925 0.0183255 0.00191234 0 0 0 0.00165905 0 0 0 0 0.0625499 0.0374235 0 0 0.000101316 0.0705158 0.0513165 0.000810527 0 0.00143109 0.227289 0.346956 
0.0220964 0.0018718 0 0 0 0.00780679 9.13075e-005 0 0 0 0.000136961 0 0 0 0 0 0.0134679 0.000776114 0 0 0.00547845 0.0557432 0.0216399 0 0 0 0.00287619 0 0 0 9.13075e-005 0.000182615 0.000410884 0 0 0 0.0182615 0.0334186 0.00328707 0 0 0.029538 0.0503104 0.00251096 0 0 0 0.00182615 0 0 0 0 0.0370709 0.053141 0 0 0 0.0736395 0.0408145 0.000228269 0 0.00123265 0.18992 0.332131 
0.0219443 0.00203428 0 0 0 0.00705506 4.32825e-005 0 0 4.32825e-005 8.65651e-005 0 0 0 0 0 0.013634 0.00116863 0 0 0.0061894 0.0564404 0.0220741 0 0 0 0.00363573 0.000129848 0 0 0 8.65651e-005 0.000389543 0 0 0 0.0193473 0.0338902 0.00363573 0 4.32825e-005 0.0306873 0.0469616 0.00277008 0 0 0 0.00190443 0 0 0 0 0.045187 0.0464855 0 0 4.32825e-005 0.0686028 0.0398632 0.00034626 0 0.00129848 0.200095 0.323883 
0.0239501 0.00185529 0 0 4.21656e-005 0.00704166 4.21656e-005 0 0 0 0.000252994 0 0 0 0 0 0.013493 0.00109631 0 0 0.00754765 0.0571766 0.0232754 0 0 0 0.00577669 8.43313e-005 0 0 0 4.21656e-005 0.000801147 0 0 0 0.01986 0.032847 0.00312026 0 0 0.0302328 0.0427559 0.00299376 0 0 0 0.00202395 0 0 0 0 0.0531709 0.0413223 0 0 4.21656e-005 0.0659892 0.0357143 0.000210828 0 0.00172879 0.201763 0.323748 
0.0231489 0.00210828 0 0 0 0.00670433 4.21656e-005 0 0 0 8.43313e-005 0 0 0 0 0 0.013746 0.000927644 0 0 0.00754765 0.0567549 0.0230646 0 0 8.43313e-005 0.00522854 0 0 0 0 0.000295159 0.000548153 0 0 0 0.0204082 0.0314977 0.00345758 0 0 0.0307809 0.0410693 0.0026986 0 0 0 0.00181312 0 0 0 0 0.0508939 0.040985 0 0 8.43313e-005 0.0647242 0.0352926 0.000337325 0 0.00181312 0.213485 0.320374 
0.0236971 0.00189745 0 0 4.21656e-005 0.0067465 4.21656e-005 0 0 4.21656e-005 8.43313e-005 0 0 0 0 0 0.0138725 0.000843313 0 0 0.00750548 0.0575139 0.0236971 0 0 4.21656e-005 0.00531287 4.21656e-005 0 0 0 0.000295159 0.000548153 0 0 0 0.0203238 0.0318772 0.00307809 0 0 0.0305279 0.0423343 0.0026986 0 0 4.21656e-005 0.00181312 0 0 0 0 0.0518216 0.0405212 0 0 0 0.0641339 0.035124 0.000421656 0 0.00189745 0.209184 0.321977 
0.0231345 0.00184911 0 0 4.10914e-005 0.00657462 4.10914e-005 0 0 4.10914e-005 8.21828e-005 0 0 0 0 0 0.0145464 0.00090401 0 0 0.00768409 0.0570348 0.0250247 0 0 4.10914e-005 0.00505424 4.10914e-005 0 0 0 0.00028764 0.000657462 0 0 0 0.0201348 0.0313116 0.00320513 0 0 0.0309418 0.041831 0.00275312 0 0 4.10914e-005 0.00184911 0 0 0 0 0.0510766 0.0397765 0 0 0 0.0646368 0.0347222 0.000493097 0 0.0018902 0.214333 0.317965 
0.0149245 0.00152637 0 0 5.65323e-005 0.00814065 0 0 0 0 5.65323e-005 0 0 0 0 0 0.0520663 0.000339194 0 0 0.0119848 0.0468653 0.000113065 0 0 0 0.00197863 5.65323e-005 0 0 0 0.000113065 0.000282662 0 0 0 0.0160552 0.0414947 0.000282662 0 0 0.0344847 0.0278704 0.000113065 0 0 0 0.00141331 0 0 0 0 0.0433037 0.0287184 0 0 5.65323e-005 0.111651 0.0418339 0.000452258 0 0.00118718 0.230765 0.281814 
0.0155281 0.00192044 0 0 0 0.00762689 0 0 0 0 0 0 0 0 0 0 0.0508642 0.00104252 0 0 0.0126749 0.0485048 0.000274348 0 0 0 0.00219479 0 0 0 0 0.000109739 0.000548697 0 0 0 0.0162963 0.0385734 0.000274348 0 0 0.0361043 0.0275446 5.48697e-005 0 0 0 0.00164609 0 0 0 0 0.0413717 0.0290809 0 0 0 0.11166 0.0418656 0.000219479 0 0.00137174 0.231001 0.281646 
0.011797 0.00213992 0 0 0 0.0077915 0 0 0 0 0 0 0 0 0 0 0.0491632 0.00230453 0 0 0.0117421 0.0542661 0.000493827 0 0 0 0.00192044 0 0 0 0 0.000219479 0.000329218 0 0 0 0.0139369 0.0397805 0.000493827 0 0 0.0353909 0.0261728 0.000164609 0 0 0 0.00137174 0 0 0 0 0.031989 0.0373114 0 0 0.000109739 0.11155 0.0424691 0.000548697 0 0.00109739 0.230233 0.285213 
0.013366 0.00206059 0 0 0 0.00751838 0 0 0 0 5.56917e-005 0 0 0 0 0 0.0479505 0.00139229 0 0 0.0116953 0.0515705 0.000167075 0 0 5.56917e-005 0.00245043 0 0 0 0 0.000167075 0.000445534 0 0 0 0.0161506 0.0380374 0.000501225 0 0 0.0368122 0.0266206 0.000111383 0 0 5.56917e-005 0.00150368 0 0 0 0 0.0364781 0.0365338 0 0 0 0.11233 0.0388171 0.000501225 0 0.00194921 0.231232 0.283471 
0.0140466 0.00224966 0 0 0 0.00773663 5.48697e-005 0 0 0 0 0 0 0 0 0 0.0486694 0.00175583 0 0 0.0122908 0.0525652 0.000438957 0 0 0 0.00197531 0 0 0 0.000164609 0.000219479 0.000329218 0 0 0 0.0143759 0.0392318 0.000329218 0 5.48697e-005 0.0314952 0.0265569 0.000219479 0 0 5.48697e-005 0.00148148 0 0 0 0 0.0372016 0.0337997 0 0 0 0.111605 0.0431276 0.000329218 0 0.00120713 0.230069 0.286365 
0.0177916 0.00235308 0 0 0 0.00774793 0 0 0 0 0.000172176 0 0 0 0 0 0.0501607 0.00154959 0 0 0.0114784 0.0445937 0.000172176 0 0 0 0.00223829 5.73921e-005 0 0 0 0.000114784 0.000573921 0 0 0 0.0171602 0.0379936 0.000459137 0 0 0.0352961 0.0276056 5.73921e-005 0 0 0 0.00189394 0 0 0 0 0.046258 0.02795 0 0 5.73921e-005 0.112603 0.0410354 0.000344353 0 0.00160698 0.223714 0.286961 
0.013882 0.001262 0 0 0 0.00790123 0 0 0 0 0 0 0 0 0 0 0.0481207 0.00148148 0 0 0.0134979 0.0527846 0.000164609 0 0 5.48697e-005 0.00203018 5.48697e-005 0 0 0 0.000109739 0.000274348 0 0 0 0.0158573 0.0382442 0.000164609 0 5.48697e-005 0.0337997 0.0263923 0.000109739 0 0 0 0.00153635 0 0 0 0 0.0361043 0.0328121 0 0 5.48697e-005 0.113416 0.0419753 0.000329218 0 0.00148148 0.227984 0.288066 
0.0268565 0.00254581 0 0 3.58564e-005 0.00975295 0.000609559 0 0 0 0.000358564 0 0 0 0 0 0.0108645 0.00129083 0 0 0.0561153 0.0778802 0.000286851 0 0 3.58564e-005 0.00211553 3.58564e-005 0 0 7.17129e-005 0.000143426 0.000179282 0 0 0 0.0125856 0.0203306 0.000250995 0 0.000143426 0.0285417 0.020223 7.17129e-005 0 0 0 0.00186453 0 0 0 0 0.0249919 0.0566173 0 0 7.17129e-005 0.0543942 0.0398724 0.000179282 0 0.00243824 0.262075 0.28617 
0.0274747 0.0026079 0 0 3.67309e-005 0.00995409 0.000661157 0 0 0 0.000367309 0 0 0 0 0 0.0105418 0.00132231 0 0 0.0549862 0.0782736 0.000293848 0 0 3.67309e-005 0.00213039 3.67309e-005 0 0 7.34619e-005 0.000146924 0.000220386 0 0 0 0.0127456 0.0200184 0.000257117 0 0.000146924 0.0290909 0.0201653 7.34619e-005 0 0 0 0.00187328 0 0 0 0 0.0258219 0.0571166 0 0 7.34619e-005 0.0543618 0.0398163 0.000146924 0 0.00246097 0.256419 0.290248 
